Name	GTEX-1117F-0226-SM-5GZZ7	GTEX-111CU-1826-SM-5GZYN	GTEX-111FC-0226-SM-5N9B8	GTEX-111VG-2326-SM-5N9BK	GTEX-111YS-2426-SM-5GZZQ	GTEX-1122O-2026-SM-5NQ91	GTEX-1128S-2126-SM-5H12U	GTEX-113IC-0226-SM-5HL5C	GTEX-117YX-2226-SM-5EGJJ	GTEX-11DXW-0326-SM-5H11W	GTEX-11DXX-2326-SM-5Q5A2	GTEX-11DZ1-0226-SM-5A5KF	GTEX-11EI6-0226-SM-5EQ64	GTEX-11EM3-2326-SM-5H12B	GTEX-11EMC-2826-SM-5PNY6	GTEX-11EQ8-0226-SM-5EQ5G	GTEX-11EQ9-2526-SM-5HL66	GTEX-11GS4-2626-SM-5A5LD	GTEX-11GSO-2326-SM-5A5LX
ENSG00000223972.4	3	4	1	1	0	2	1	3	5	1	0	1	3	1	1	3	3	6	4
ENSG00000227232.4	616	395	826	364	301	419	340	451	424	331	304	430	508	414	911	505	394	439	334
ENSG00000243485.2	2	1	1	0	1	0	2	3	1	1	1	0	0	1	0	1	0	0	1
ENSG00000237613.2	1	0	1	1	0	0	2	3	2	0	1	2	0	2	1	2	0	2	2
ENSG00000268020.2	0	0	0	0	0	0	2	1	0	0	0	0	0	1	1	0	0	1	1
ENSG00000240361.1	0	2	2	0	0	1	0	0	0	1	0	0	1	1	1	2	0	3	0
ENSG00000186092.4	0	0	0	0	2	0	0	0	1	1	0	0	2	1	1	0	0	0	5
ENSG00000238009.2	8	3	12	12	2	4	10	9	3	14	9	6	4	1	12	9	15	8	13
ENSG00000233750.3	11	29	9	18	5	5	7	4	11	18	11	12	9	9	18	14	16	9	7
ENSG00000237683.5	264	300	114	1364	227	276	518	52	91	105	558	354	91	195	587	253	161	203	822
ENSG00000268903.1	0	2	1	1	1	1	2	0	0	1	0	0	1	3	3	5	0	1	4
ENSG00000239906.1	5	0	0	16	4	9	9	0	0	2	16	10	1	8	12	0	0	1	27
ENSG00000241860.2	57	31	24	104	31	69	104	18	65	18	116	34	23	82	146	68	34	56	67
ENSG00000222623.1	0	0	0	0	0	0	0	0	0	1	0	0	0	0	0	0	0	0	0
ENSG00000241599.1	1	0	0	1	1	0	0	0	0	1	1	0	0	0	0	0	1	0	0
ENSG00000228463.4	52	113	168	7	100	46	25	29	44	256	35	152	79	159	511	44	165	124	393
ENSG00000237094.7	18	15	47	42	54	42	23	33	20	26	20	38	15	17	128	22	16	52	56
ENSG00000250575.1	1	1	2	2	6	0	3	0	3	0	0	0	1	1	2	3	2	2	3
ENSG00000233653.3	5	6	5	2	2	1	2	4	4	4	2	7	11	8	3	13	5	6	7
ENSG00000224813.2	0	0	0	0	0	0	0	0	0	0	0	0	0	0	0	0	0	0	0
ENSG00000235249.1	0	1	0	0	0	3	0	1	0	0	0	0	0	2	1	2	1	1	2
ENSG00000269732.1	0	1	1	1	0	0	0	1	0	0	0	0	0	0	0	2	0	0	0
ENSG00000256186.1	0	0	0	0	0	0	0	0	0	0	0	0	0	0	0	0	0	1	0
ENSG00000236601.1	0	0	0	1	1	0	0	2	1	1	0	1	1	0	0	0	0	2	0
ENSG00000236743.1	3	0	4	2	2	1	2	2	2	2	0	1	2	2	2	2	0	1	1
ENSG00000236679.2	3	3	1	0	2	2	1	0	5	2	2	6	1	2	5	1	2	4	3
ENSG00000231709.1	1	0	4	2	2	1	5	2	5	7	7	4	0	3	16	1	4	2	9
ENSG00000235146.2	0	0	0	3	2	0	0	0	1	0	0	0	1	2	0	2	1	1	2
ENSG00000239664.2	0	0	1	1	0	0	0	2	3	0	0	1	0	0	0	0	1	0	1
ENSG00000230021.3	4	5	2	2	8	4	2	1	3	1	1	5	2	3	2	6	4	5	3
ENSG00000223659.1	1	3	0	0	4	1	0	0	1	0	0	2	2	0	0	0	1	1	1
ENSG00000225972.1	65	88	95	75	129	122	60	24400	189	121	77	120	127	121	96	81	100	117	116
ENSG00000225630.1	6047	16015	23170	13401	42175	41083	20320	11021	28992	25561	19833	514	20327	35879	25172	15105	27922	31060	15221
ENSG00000237973.1	813	790	1594	1263	1991	2699	1290	74701	1697	1106	1528	2670	1787	2236	1340	1215	1983	2097	1614
ENSG00000229344.1	147	193	198	127	288	226	147	120	373	209	349	243	224	280	226	214	231	725	233
ENSG00000240409.1	59	78	55	40	113	98	66	98	183	56	102	82	97	150	28	74	134	95	64
ENSG00000248527.1	14637	34570	54157	38807	63839	67657	35228	44141	69320	46231	49621	52396	45473	85955	51356	30839	66269	49040	38445
ENSG00000198744.5	222	234	218	268	330	618	183	197	396	235	216	228	241	280	247	220	244	376	271
ENSG00000268663.1	1	1	0	2	1	0	0	1	0	0	0	1	1	2	0	1	0	2	1
ENSG00000185097.2	1	3	1	1	0	0	1	0	1	1	2	1	1	0	1	4	2	1	1
ENSG00000229376.3	3	12	6	4	2	4	10	11	17	6	15	8	8	12	10	11	5	8	3
ENSG00000224956.5	399	156	168	243	161	213	162	177	162	173	90	165	187	145	383	143	176	224	248
ENSG00000235373.1	25	12	22	13	19	24	5	11	11	13	8	7	16	25	30	26	16	25	13
ENSG00000223181.1	0	0	0	0	0	0	0	0	0	0	0	0	0	0	0	0	0	0	0
ENSG00000240618.1	10	2	2	1	2	8	8	7	7	3	3	1	1	0	13	9	1	1	0
ENSG00000229905.1	0	0	1	1	1	1	0	0	4	0	2	0	1	2	0	2	0	2	0
ENSG00000228327.2	143	61	81	101	104	60	71	81	95	73	88	28	62	124	252	72	60	100	99
ENSG00000237491.4	80	56	126	177	63	87	44	66	49	118	34	50	77	66	160	129	81	98	85
ENSG00000230092.3	27	18	20	17	14	18	9	17	15	13	8	4	13	9	28	10	12	12	19
ENSG00000269831.1	0	2	0	1	0	0	0	0	0	1	0	0	0	0	0	0	0	0	0
ENSG00000240453.1	0	0	0	0	0	0	0	0	0	0	0	0	0	0	0	0	0	0	0
ENSG00000177757.1	76	83	110	72	28	67	40	130	125	52	38	39	69	52	122	52	69	67	95
ENSG00000225880.4	195	160	217	321	157	170	81	108	133	228	119	64	165	238	253	220	78	137	123
ENSG00000228794.4	875	1803	1376	1291	1077	1783	1667	1076	1405	1586	1652	1181	1493	1373	2439	1259	3104	1187	1737
ENSG00000230368.2	5	0	0	1	5	2	4	1	4	2	0	3	8	3	9	2	5	1	10
ENSG00000234711.1	3	2	2	0	2	1	2	1	2	1	4	1	2	3	4	0	0	2	1
ENSG00000269308.1	0	0	0	0	0	0	0	1	1	0	0	0	0	0	0	1	0	0	0
ENSG00000272438.1	1	2	0	0	3	0	1	4	1	1	1	2	2	1	2	1	1	1	0
ENSG00000230699.2	14	3	8	7	2	6	4	6	8	10	4	4	4	4	9	7	4	3	6
ENSG00000241180.1	0	0	0	0	0	0	0	0	0	0	0	0	0	0	0	0	0	0	0
ENSG00000223764.2	17	5	83	51	9	8	29	52	11	109	7	7	26	10	25	34	13	72	8
ENSG00000187634.6	17	30	134	99	17	12	44	92	30	181	12	12	27	20	17	64	26	108	8
ENSG00000268179.1	0	0	0	0	0	0	0	0	0	0	0	0	0	0	0	0	0	0	0
ENSG00000188976.6	3878	3533	3823	2983	2726	3116	2580	2252	3109	2755	3865	3795	2431	3226	7794	3722	2158	2278	2606
ENSG00000187961.9	456	766	840	923	447	600	425	502	886	393	830	996	792	262	1065	1262	784	469	435
ENSG00000187583.6	86	40	48	59	34	9	14	39	30	23	27	71	34	11	44	44	28	42	28
ENSG00000187642.5	67	36	33	41	12	18	5	20	38	39	20	49	75	33	14	23	27	24	12
ENSG00000272512.1	30	437	1051	176	40	189	163	99	293	287	332	332	646	414	72	316	338	616	66
ENSG00000188290.6	231	601	896	436	161	279	188	405	260	951	244	544	884	648	551	407	668	879	145
ENSG00000231702.2	4	8	1	1	1	1	0	4	5	1	5	9	2	2	1	1	3	3	1
ENSG00000224969.1	4	0	7	5	0	3	2	5	0	5	2	2	9	3	3	2	5	6	4
ENSG00000187608.5	146	575	1179	1861	337	475	274	4443	440	817	506	1066	969	332	1339	1353	507	659	775
ENSG00000188157.9	2684	3004	6850	4927	2327	1632	1758	6691	2132	4728	2054	3156	4427	1782	2395	3217	1871	5783	2958
ENSG00000217801.5	9	6	18	48	2	11	6	16	16	9	5	12	1	5	27	26	7	7	30
ENSG00000273443.1	2	2	0	7	1	1	1	0	2	3	1	1	4	3	0	5	1	0	3
ENSG00000237330.2	10	3	4	2	3	2	1	2	3	2	3	1	2	4	0	2	2	2	4
ENSG00000131591.13	1364	783	1465	1511	783	627	619	827	731	895	622	956	937	522	2153	1090	770	1180	1151
ENSG00000223823.1	5	2	2	2	0	3	2	2	3	3	6	4	5	1	1	1	1	4	2
ENSG00000207730.1	1	0	0	0	0	0	0	0	0	0	1	0	0	0	0	0	1	0	0
ENSG00000207607.1	0	0	0	0	0	0	0	0	0	0	0	0	0	0	0	0	0	0	0
ENSG00000198976.1	0	0	1	0	0	0	0	0	0	0	0	0	1	0	0	0	0	0	0
ENSG00000272141.1	23	5	4	2	3	3	8	0	0	0	0	2	2	7	2	2	1	6	4
ENSG00000205231.1	13	10	10	27	41	46	80	26	135	69	24	86	56	58	70	17	73	60	22
ENSG00000162571.9	34	77	64	109	114	136	162	30	185	153	35	227	137	115	233	35	146	97	117
ENSG00000186891.9	64	36	81	244	48	49	33	45	54	135	46	101	77	11	67	112	34	77	45
ENSG00000186827.6	179	155	245	426	132	199	302	180	280	384	226	536	219	325	238	328	189	285	121
ENSG00000078808.12	7846	9679	7606	8728	6060	6907	5758	7506	7343	6516	9749	7985	5810	7019	15253	6156	6409	6676	7056
ENSG00000176022.3	775	1230	1245	1359	701	844	661	1007	844	1028	1189	1814	792	677	2664	1163	776	961	933
ENSG00000184163.3	154	34	21	48	24	46	36	34	39	53	26	54	23	40	145	26	22	33	79
ENSG00000260179.1	36	17	20	21	7	13	16	21	13	16	18	23	11	23	29	17	11	28	54
ENSG00000160087.16	2084	2207	2491	2214	1804	2453	1851	2105	2272	1637	2897	2482	1846	1722	4399	2331	2241	1928	2058
ENSG00000230415.1	25	48	75	56	20	30	25	75	44	57	10	41	70	28	77	24	48	54	41
ENSG00000162572.15	564	311	739	864	333	340	213	945	330	669	197	397	892	355	852	484	572	614	698
ENSG00000131584.14	2255	3491	5755	5583	2365	2377	2216	3832	2456	4635	3281	3093	4348	1741	5237	7607	3691	4653	3918
ENSG00000169972.7	391	476	501	625	305	298	255	340	325	305	573	388	295	262	815	626	406	314	421
ENSG00000127054.14	4532	5225	8144	4838	3857	5234	3431	4717	6022	5037	5353	6488	6099	3579	7631	7033	4800	4988	4104
ENSG00000240731.1	176	110	311	142	152	179	104	151	177	201	132	182	221	75	196	227	180	146	115
ENSG00000224051.2	1145	1505	2211	1388	1362	1879	1196	1566	2042	961	2029	1559	1545	997	2622	1399	1564	1298	1244
ENSG00000169962.4	52	43	36	40	53	62	25	36	25	28	23	42	26	27	100	80	55	28	47
