Query id	Subject id	% identity	alignment length	mismatches	gap openings	q. start	q. end	s. start	s. end	e-value	bit score
lcl|YNL101W	NP_510968	30.68	440	305	63	704	296	46	453	1e-37	155
lcl|YNL101W	NP_861439	28.95	373	265	39	609	268	13	377	2e-34	145
lcl|YNL101W	NP_689526	30.40	329	229	45	596	306	68	389	6e-34	143
lcl|YNL101W	NP_861441	29.10	354	251	44	585	264	24	365	2e-30	131
lcl|YNL101W	NP_722518	20.27	449	358	60	699	275	27	439	3e-15	81.3
lcl|YNL101W	NP_277053	19.51	446	359	61	711	294	45	457	5e-14	77.0
lcl|YNL101W	NP_006832	16.82	434	361	63	672	277	46	454	3e-10	64.3
lcl|YNL101W	NP_061849	19.69	325	261	39	580	295	69	393	4e-10	63.9
lcl|YNL101W	NP_060701	20.18	436	348	44	711	294	48	457	2e-09	62.0
lcl|YNL101W	NP_001070952	20.97	329	260	26	579	274	48	373	2e-09	62.0
lcl|YNL101W	NP_109599	20.97	329	260	26	579	274	48	373	2e-09	62.0
lcl|YNL101W	NP_542119	20.62	257	204	25	672	419	245	479	1e-08	59.3
lcl|YNL101W	XP_001127845	20.50	317	252	33	587	292	19	323	1e-07	55.8
lcl|YNL101W	NP_001073911	20.50	317	252	33	587	292	19	323	1e-07	55.8
lcl|YNL101W	NP_775783	25.33	225	168	28	590	379	41	250	8e-07	53.1
lcl|YNL101W	NP_060488	25.97	154	114	7	441	295	73	226	7e-06	50.1
lcl|YNL101W	NP_060488	22.81	114	88	5	600	492	340	453	0.026	38.1
lcl|YPL265W	NP_620172	23.16	177	136	13	471	295	216	379	1e-04	45.8
lcl|YPL265W	NP_055146	22.44	156	121	19	418	267	216	356	3e-04	44.3
lcl|YPL265W	NP_006589	24.61	191	144	23	484	296	430	599	7e-04	43.1
lcl|YPL265W	NP_036376	25.00	204	153	25	457	259	212	395	0.001	42.4
lcl|YPL265W	NP_877392	25.00	204	153	25	457	259	9	192	0.001	42.4
lcl|YPL265W	NP_003477	22.68	194	150	22	475	284	240	413	0.010	39.3
lcl|YPL265W	NP_003974	22.37	152	118	11	418	267	217	357	0.017	38.5
lcl|YPL265W	NP_001070253	22.37	152	118	11	418	267	217	357	0.017	38.5
lcl|YPL265W	NP_065759	22.51	191	148	23	484	296	410	579	0.028	37.7
lcl|YNL006W	NP_071767	47.44	312	164	14	302	3	13	322	5e-83	304
lcl|YNL006W	NP_849143	25.82	275	204	12	277	5	150	414	9e-24	107
lcl|YNL006W	NP_849143	23.41	299	229	13	301	6	108	396	7e-19	91.7
lcl|YNL006W	NP_849143	23.94	142	108	4	143	4	275	414	4e-09	59.3
lcl|YNL006W	NP_849143	28.28	99	71	2	301	204	89	186	3e-05	46.2
lcl|YNL006W	NP_000421	26.17	298	220	34	278	4	122	408	2e-22	103
lcl|YNL006W	NP_000421	25.27	273	204	31	291	42	73	337	2e-17	86.7
lcl|YNL006W	NP_000421	23.00	200	154	8	299	100	92	283	7e-16	81.6
lcl|YNL006W	NP_000421	31.37	102	70	3	105	5	311	410	2e-08	56.6
lcl|YNL006W	NP_000421	31.25	96	66	3	300	206	107	200	8e-07	51.6
lcl|YNL006W	NP_004805	26.74	273	200	11	271	5	81	348	1e-19	94.0
lcl|YNL006W	NP_004805	19.49	277	223	60	291	67	58	326	1e-08	57.4
lcl|YNL006W	NP_004805	24.06	187	142	7	301	115	65	244	5e-08	55.5
lcl|YNL006W	NP_004805	27.15	151	110	12	145	5	208	356	1e-07	54.3
lcl|YNL006W	NP_438172	25.99	227	168	13	291	70	82	300	7e-19	91.7
lcl|YNL006W	NP_438172	22.50	240	186	10	301	65	33	265	6e-17	85.1
lcl|YNL006W	NP_438172	21.66	277	217	10	277	5	60	330	4e-16	82.4
lcl|YNL006W	NP_438172	21.81	243	190	15	237	2	99	333	1e-14	77.4
lcl|YNL006W	NP_060058	25.99	227	168	13	291	70	82	300	7e-19	91.7
lcl|YNL006W	NP_060058	22.50	240	186	10	301	65	33	265	6e-17	85.1
lcl|YNL006W	NP_060058	21.66	277	217	10	277	5	60	330	4e-16	82.4
lcl|YNL006W	NP_060058	21.81	243	190	15	237	2	99	333	1e-14	77.4
lcl|YNL006W	NP_775750	21.71	281	220	11	279	5	117	392	1e-17	87.4
lcl|YNL006W	NP_775750	25.68	222	165	14	283	67	94	306	1e-16	84.3
lcl|YNL006W	NP_775750	21.07	242	191	15	238	5	160	394	5e-11	65.5
lcl|YNL006W	NP_775750	26.47	68	50	1	68	2	333	400	0.034	36.2
lcl|YNL006W	NP_061942	26.34	224	165	13	291	73	81	296	2e-17	86.7
lcl|YNL006W	NP_061942	22.82	241	186	10	301	64	28	261	6e-17	85.1
lcl|YNL006W	NP_061942	19.93	276	221	50	277	5	98	326	3e-11	66.2
lcl|YNL006W	NP_061942	20.49	205	163	26	191	2	137	330	1e-07	54.3
lcl|YNL006W	NP_758440	25.35	284	212	16	284	5	33	304	6e-17	85.1
lcl|YNL006W	NP_758440	21.81	243	190	13	301	62	5	237	1e-14	77.8
lcl|YNL006W	NP_758440	24.65	142	107	4	143	4	158	297	2e-08	57.0
lcl|YNL006W	NP_001038941	27.65	264	191	11	290	29	19	273	6e-17	85.1
lcl|YNL006W	NP_001038941	21.77	271	212	54	271	4	77	296	7e-11	65.1
lcl|YNL006W	NP_001038941	30.77	130	90	7	291	162	24	146	5e-08	55.5
lcl|YNL006W	NP_001038941	29.52	105	74	1	301	197	11	114	4e-04	42.7
lcl|YNL006W	NP_006444	25.00	312	234	22	299	6	263	570	6e-17	85.1
lcl|YNL006W	NP_006444	23.97	292	222	28	277	5	350	632	6e-12	68.6
lcl|YNL006W	NP_006444	19.66	290	233	15	291	14	47	333	2e-11	66.6
lcl|YNL006W	NP_006444	20.42	333	265	57	279	2	121	451	4e-09	59.3
lcl|YNL006W	NP_150600	24.76	311	234	29	290	1	190	492	8e-17	84.7
lcl|YNL006W	NP_150600	21.28	296	233	62	301	65	169	461	1e-05	47.8
lcl|YNL006W	NP_150600	21.57	153	120	12	145	3	372	522	1e-05	47.4
lcl|YNL006W	NP_599020	24.76	311	234	29	290	1	190	492	8e-17	84.7
lcl|YNL006W	NP_599020	21.28	296	233	62	301	65	169	461	1e-05	47.8
lcl|YNL006W	NP_599020	21.57	153	120	12	145	3	372	522	1e-05	47.4
lcl|YNL006W	NP_599021	24.76	311	234	29	290	1	190	492	8e-17	84.7
lcl|YNL006W	NP_599021	21.28	296	233	62	301	65	169	461	1e-05	47.8
lcl|YNL006W	NP_599021	21.57	153	120	12	145	3	372	522	1e-05	47.4
lcl|YNL006W	NP_057532	26.25	301	222	57	290	40	107	400	1e-16	84.3
lcl|YNL006W	NP_078941	23.30	309	237	25	290	1	180	482	4e-16	82.4
lcl|YNL006W	NP_078941	19.93	296	237	62	301	65	159	451	2e-05	47.0
lcl|YNL006W	NP_078941	21.05	152	120	12	145	4	363	512	4e-05	45.8
lcl|YNL006W	NP_056241	29.06	203	144	18	299	107	9	203	7e-16	81.6
lcl|YNL006W	NP_056241	25.96	208	154	9	277	71	99	298	6e-15	78.6
lcl|YNL006W	NP_056241	22.32	233	181	11	301	71	57	280	5e-12	68.9
lcl|YNL006W	NP_056241	25.54	184	137	5	187	6	119	299	3e-11	66.2
lcl|YNL006W	NP_056241	22.54	142	110	4	143	4	159	298	2e-06	50.4
lcl|YNL006W	NP_056241	20.45	132	105	3	135	5	202	331	0.002	40.0
lcl|YNL006W	NP_005877	26.64	229	168	12	271	45	34	252	7e-16	81.6
lcl|YNL006W	NP_005877	25.23	214	160	10	285	74	19	224	3e-15	79.7
lcl|YNL006W	NP_005877	23.20	181	139	15	291	115	19	188	5e-09	58.9
lcl|YNL006W	NP_005877	22.22	99	77	1	298	200	56	153	3e-04	43.1
lcl|YNL006W	NP_005877	27.96	93	67	3	96	5	162	252	0.004	39.3
lcl|YNL006W	NP_006089	24.32	296	224	31	280	4	30	313	1e-15	80.9
lcl|YNL006W	NP_006089	21.74	184	144	13	291	115	14	191	8e-09	58.2
lcl|YNL006W	NP_006089	28.16	103	74	5	301	204	12	114	2e-06	50.1
lcl|YNL006W	NP_060566	22.46	334	259	54	291	5	129	455	2e-15	80.1
lcl|YNL006W	NP_060566	24.21	318	241	51	291	19	102	413	1e-14	77.4
lcl|YNL006W	NP_060566	21.81	243	190	30	234	4	259	483	5e-09	58.9
lcl|YNL006W	NP_060566	25.91	193	143	15	301	115	113	296	1e-06	51.2
lcl|YNL006W	NP_060566	21.29	155	122	12	298	149	105	252	4e-06	49.3
lcl|YNL006W	NP_002660	24.78	230	173	51	301	73	202	381	1e-14	77.4
lcl|YNL006W	NP_002660	24.29	247	187	9	244	2	258	499	1e-09	61.2
lcl|YNL006W	NP_002660	21.31	291	229	25	283	6	220	498	1e-09	60.8
lcl|YNL006W	NP_002660	30.77	52	36	0	291	240	194	245	0.012	37.7
lcl|YNL006W	NP_036432	23.19	263	202	60	302	42	249	453	2e-14	77.0
lcl|YNL006W	NP_036432	22.22	234	182	11	234	4	292	517	5e-09	58.9
lcl|YNL006W	NP_036432	29.05	148	105	13	144	5	376	518	5e-08	55.5
lcl|YNL006W	NP_036432	28.04	107	77	10	103	4	415	518	1e-05	47.4
lcl|YNL006W	NP_387448	23.19	263	202	60	302	42	236	440	2e-14	77.0
lcl|YNL006W	NP_387448	22.22	234	182	11	234	4	279	504	5e-09	58.9
lcl|YNL006W	NP_387448	29.05	148	105	13	144	5	363	505	5e-08	55.5
lcl|YNL006W	NP_387448	28.04	107	77	10	103	4	402	505	1e-05	47.4
lcl|YNL006W	NP_387449	23.19	263	202	60	302	42	215	419	2e-14	77.0
lcl|YNL006W	NP_387449	22.22	234	182	11	234	4	258	483	5e-09	58.9
lcl|YNL006W	NP_387449	29.05	148	105	13	144	5	342	484	5e-08	55.5
lcl|YNL006W	NP_387449	28.04	107	77	10	103	4	381	484	1e-05	47.4
lcl|YNL006W	NP_005638	23.62	309	236	25	290	1	243	545	2e-14	76.6
lcl|YNL006W	NP_005638	21.01	238	188	26	301	77	290	514	3e-07	53.1
lcl|YNL006W	NP_005638	22.22	153	119	12	145	3	425	575	4e-06	49.3
lcl|YNL006W	NP_065890	28.24	170	122	11	163	5	90	259	2e-14	76.6
lcl|YNL006W	NP_065890	23.28	262	201	16	302	49	9	262	7e-13	71.6
lcl|YNL006W	NP_008882	23.91	297	226	74	249	5	484	758	3e-14	76.3
lcl|YNL006W	NP_008882	22.34	282	219	68	296	18	456	672	7e-08	55.1
lcl|YNL006W	NP_008882	27.33	161	117	19	297	137	491	632	2e-07	53.9
lcl|YNL006W	NP_060853	23.10	277	213	12	277	5	134	402	3e-14	76.3
lcl|YNL006W	NP_060853	20.00	230	184	19	303	81	125	342	4e-06	49.3
lcl|YNL006W	NP_060853	23.29	146	112	7	143	4	258	402	0.005	38.9
lcl|YNL006W	NP_055224	23.77	324	247	53	298	19	255	569	5e-14	75.5
lcl|YNL006W	NP_055224	25.93	162	120	7	161	2	396	552	3e-12	69.7
lcl|YNL006W	NP_378663	23.19	263	202	60	302	42	312	516	5e-14	75.5
lcl|YNL006W	NP_378663	21.76	239	187	11	239	4	355	585	8e-09	58.2
lcl|YNL006W	NP_378663	23.30	279	214	65	279	5	316	533	1e-06	50.8
lcl|YNL006W	NP_003930	23.19	263	202	60	302	42	276	480	5e-14	75.5
lcl|YNL006W	NP_003930	21.76	239	187	11	239	4	319	549	8e-09	58.2
lcl|YNL006W	NP_003930	23.30	279	214	65	279	5	280	497	1e-06	50.8
lcl|YNL006W	NP_361014	22.81	285	220	23	286	5	394	658	1e-13	74.3
lcl|YNL006W	NP_361014	25.61	246	183	40	236	4	433	651	1e-12	70.9
lcl|YNL006W	NP_361014	30.63	111	77	8	112	5	554	659	8e-09	58.2
lcl|YNL006W	NP_060785	22.81	285	220	23	286	5	314	578	1e-13	74.3
lcl|YNL006W	NP_060785	25.61	246	183	40	236	4	353	571	1e-12	70.9
lcl|YNL006W	NP_060785	30.63	111	77	8	112	5	474	579	8e-09	58.2
lcl|YNL006W	NP_001013433	22.81	285	220	23	286	5	276	540	1e-13	74.3
lcl|YNL006W	NP_001013433	25.61	246	183	40	236	4	315	533	1e-12	70.9
lcl|YNL006W	NP_001013433	30.63	111	77	8	112	5	436	541	8e-09	58.2
lcl|YNL006W	NP_002065	24.65	215	162	14	235	25	136	340	1e-13	73.9
lcl|YNL006W	NP_002065	23.08	286	220	21	278	2	67	340	5e-12	68.9
lcl|YNL006W	NP_002065	20.72	251	199	28	297	62	34	271	6e-09	58.5
lcl|YNL006W	NP_002065	19.72	142	114	10	300	162	58	192	0.001	41.2
lcl|YNL006W	NP_689741	24.03	258	196	13	291	46	24	280	2e-13	73.2
lcl|YNL006W	NP_689741	22.95	244	188	14	293	62	83	324	2e-09	60.5
lcl|YNL006W	NP_079510	26.34	224	165	11	291	70	59	273	4e-13	72.4
lcl|YNL006W	NP_079510	26.81	235	172	15	299	72	13	239	5e-12	68.9
lcl|YNL006W	NP_079510	19.91	226	181	11	278	54	87	302	1e-11	67.8
lcl|YNL006W	NP_079510	24.83	149	112	5	189	43	159	304	2e-10	63.9
lcl|YNL006W	NP_079510	28.17	142	102	4	144	5	163	302	1e-09	60.8
lcl|YNL006W	NP_055317	22.98	235	181	10	236	4	278	504	4e-13	72.4
lcl|YNL006W	NP_055317	25.00	236	177	16	271	41	232	456	1e-12	70.9
lcl|YNL006W	NP_055317	26.15	195	144	7	279	86	233	421	2e-11	66.6
lcl|YNL006W	NP_005264	23.94	213	162	10	235	25	136	340	4e-13	72.4
lcl|YNL006W	NP_005264	22.38	286	222	21	278	2	67	340	1e-10	64.3
lcl|YNL006W	NP_005264	21.48	256	201	25	297	49	34	271	6e-09	58.5
lcl|YNL006W	NP_005264	21.30	169	133	5	299	131	70	233	4e-06	49.3
lcl|YNL006W	NP_005264	19.72	142	114	10	300	162	58	192	0.001	41.2
lcl|YNL006W	NP_001151	23.93	280	213	25	285	11	849	1108	1e-12	70.9
lcl|YNL006W	NP_001151	19.32	264	213	25	278	30	603	856	7e-11	65.1
lcl|YNL006W	NP_001151	22.13	235	183	45	234	5	661	855	8e-09	58.2
lcl|YNL006W	NP_001151	31.91	94	64	1	297	204	601	693	1e-08	57.4
lcl|YNL006W	NP_001151	27.78	126	91	9	291	168	613	731	5e-07	52.4
lcl|YNL006W	NP_001151	20.34	349	278	63	301	4	746	1082	8e-07	51.6
lcl|YNL006W	NP_001151	20.94	191	151	15	185	5	1004	1189	9e-06	48.1
lcl|YNL006W	NP_001151	22.22	171	133	14	281	115	603	763	1e-04	44.3
lcl|YNL006W	NP_037361	23.93	280	213	25	285	11	892	1151	1e-12	70.9
lcl|YNL006W	NP_037361	23.21	280	215	47	278	5	661	899	2e-10	63.9
lcl|YNL006W	NP_037361	18.77	277	225	24	291	30	603	870	6e-09	58.5
lcl|YNL006W	NP_037361	31.91	94	64	1	297	204	601	693	1e-08	57.4
lcl|YNL006W	NP_037361	20.94	191	151	15	185	5	1047	1232	9e-06	48.1
lcl|YNL006W	NP_037361	21.58	278	218	48	301	62	858	1125	1e-05	47.4
lcl|YNL006W	NP_863651	23.93	280	213	25	285	11	903	1162	1e-12	70.9
lcl|YNL006W	NP_863651	23.21	280	215	47	278	5	672	910	2e-10	63.9
lcl|YNL006W	NP_863651	18.77	277	225	24	291	30	614	881	6e-09	58.5
lcl|YNL006W	NP_863651	31.91	94	64	1	297	204	612	704	1e-08	57.4
lcl|YNL006W	NP_863651	20.94	191	151	15	185	5	1058	1243	9e-06	48.1
lcl|YNL006W	NP_863651	21.58	278	218	48	301	62	869	1136	1e-05	47.4
lcl|YNL006W	NP_863658	23.93	280	213	25	285	11	860	1119	1e-12	70.9
lcl|YNL006W	NP_863658	19.32	264	213	25	278	30	614	867	7e-11	65.1
lcl|YNL006W	NP_863658	22.13	235	183	45	234	5	672	866	8e-09	58.2
lcl|YNL006W	NP_863658	31.91	94	64	1	297	204	612	704	1e-08	57.4
lcl|YNL006W	NP_863658	27.78	126	91	9	291	168	624	742	5e-07	52.4
lcl|YNL006W	NP_863658	20.34	349	278	63	301	4	757	1093	8e-07	51.6
lcl|YNL006W	NP_863658	20.94	191	151	15	185	5	1015	1200	9e-06	48.1
lcl|YNL006W	NP_863658	22.22	171	133	14	281	115	614	774	1e-04	44.3
lcl|YNL006W	NP_060695	23.70	211	161	40	283	73	212	382	1e-12	70.9
lcl|YNL006W	NP_060695	23.68	152	116	12	145	4	278	427	7e-11	65.1
lcl|YNL006W	NP_060695	21.62	296	232	36	277	5	229	511	8e-09	58.2
lcl|YNL006W	NP_060695	23.12	160	123	6	291	138	189	348	9e-06	48.1
lcl|YNL006W	NP_004688	24.47	237	179	12	277	43	293	519	3e-12	69.7
lcl|YNL006W	NP_004688	21.97	223	174	27	291	83	239	448	6e-10	62.0
lcl|YNL006W	NP_004688	27.70	148	107	7	301	158	230	374	2e-09	60.5
lcl|YNL006W	NP_004688	24.48	192	145	30	186	10	343	519	1e-04	44.3
lcl|YNL006W	NP_067642	24.77	214	161	12	235	25	136	340	3e-12	69.7
lcl|YNL006W	NP_067642	23.43	286	219	21	278	2	67	340	6e-12	68.6
lcl|YNL006W	NP_067642	22.13	235	183	20	297	70	50	271	1e-09	60.8
lcl|YNL006W	NP_067642	21.48	135	106	10	301	170	66	193	3e-04	43.1
lcl|YNL006W	NP_078808	25.45	279	208	19	277	4	366	630	4e-12	69.3
lcl|YNL006W	NP_078808	25.68	222	165	17	291	75	310	519	2e-08	56.6
lcl|YNL006W	NP_078808	22.38	210	163	11	278	71	348	548	1e-06	50.8
lcl|YNL006W	NP_078808	29.03	93	66	5	293	203	348	437	2e-05	47.0
lcl|YNL006W	NP_006775	21.16	293	231	23	283	2	427	707	4e-12	69.3
lcl|YNL006W	NP_006775	20.28	286	228	22	301	27	410	684	4e-09	59.3
lcl|YNL006W	NP_006775	24.17	211	160	17	280	75	23	221	2e-08	57.0
lcl|YNL006W	NP_006775	23.08	143	110	5	145	6	80	220	6e-05	45.4
lcl|YNL006W	NP_006775	26.16	172	127	12	291	122	29	190	1e-04	44.3
lcl|YNL006W	NP_056441	27.18	206	150	25	296	97	74	260	6e-12	68.6
lcl|YNL006W	NP_056441	22.53	253	196	17	277	36	132	378	1e-11	67.4
lcl|YNL006W	NP_056441	28.57	154	110	8	289	137	149	295	5e-11	65.5
lcl|YNL006W	NP_056441	24.14	203	154	19	189	2	183	381	1e-08	57.4
lcl|YNL006W	NP_004757	20.18	228	182	11	301	78	18	238	1e-11	67.8
lcl|YNL006W	NP_004757	22.69	238	184	15	299	68	50	278	4e-11	65.9
lcl|YNL006W	NP_004757	31.31	99	68	5	102	7	160	256	8e-07	51.6
lcl|YNL006W	NP_599027	40.00	75	45	0	296	222	40	114	1e-11	67.8
lcl|YNL006W	NP_599027	22.90	214	165	14	277	74	23	232	6e-10	62.0
lcl|YNL006W	NP_599027	29.46	129	91	7	289	162	27	149	8e-09	58.2
lcl|YNL006W	NP_599027	24.14	203	154	19	189	2	37	235	1e-08	57.4
lcl|YNL006W	NP_203746	22.70	282	218	32	303	33	337	597	1e-11	67.4
lcl|YNL006W	NP_203746	23.67	283	216	19	277	2	348	618	2e-11	66.6
lcl|YNL006W	NP_061109	30.57	157	109	10	292	137	132	279	1e-11	67.4
lcl|YNL006W	NP_061109	24.76	206	155	19	282	90	126	325	5e-11	65.5
lcl|YNL006W	NP_061109	23.35	227	174	24	296	80	31	243	2e-08	56.6
lcl|YNL006W	NP_061109	26.11	203	150	20	189	2	166	363	8e-07	51.6
lcl|YNL006W	NP_061109	21.50	200	157	15	188	3	124	322	3e-05	46.2
lcl|YNL006W	NP_659491	22.84	232	179	8	234	5	389	614	1e-11	67.4
lcl|YNL006W	NP_659491	19.86	292	234	43	291	16	322	586	1e-09	61.2
lcl|YNL006W	NP_659491	16.13	248	208	9	296	51	308	548	0.007	38.5
lcl|YNL006W	NP_001074025	22.84	232	179	8	234	5	321	546	1e-11	67.4
lcl|YNL006W	NP_001074025	19.86	292	234	43	291	16	254	518	1e-09	61.2
lcl|YNL006W	NP_001074025	16.13	248	208	9	296	51	240	480	0.007	38.5
lcl|YNL006W	NP_004795	24.88	209	157	18	297	96	37	234	2e-11	67.0
lcl|YNL006W	NP_004795	21.21	330	260	79	301	4	30	312	5e-08	55.5
lcl|YNL006W	NP_004795	22.62	168	130	28	143	4	164	331	0.034	36.2
lcl|YNL006W	NP_002066	22.54	213	165	10	235	25	136	340	2e-11	66.6
lcl|YNL006W	NP_002066	22.73	286	221	21	278	2	67	340	3e-11	66.2
lcl|YNL006W	NP_002066	19.57	235	189	20	297	70	50	271	2e-06	50.1
lcl|YNL006W	NP_002066	20.98	143	113	10	301	162	58	193	0.002	40.4
lcl|YNL006W	NP_110430	21.48	284	223	62	235	2	334	605	4e-11	65.9
lcl|YNL006W	NP_110430	17.71	271	223	18	296	32	322	580	5e-08	55.5
lcl|YNL006W	NP_110430	19.53	297	239	26	291	11	121	407	0.001	41.2
lcl|YNL006W	NP_060444	21.48	284	223	62	235	2	315	586	4e-11	65.9
lcl|YNL006W	NP_060444	17.71	271	223	18	296	32	303	561	5e-08	55.5
lcl|YNL006W	NP_060444	23.33	90	69	1	291	203	299	388	0.005	38.9
lcl|YNL006W	NP_004362	20.83	264	209	37	301	68	2	258	5e-11	65.5
lcl|YNL006W	NP_004362	19.80	293	235	30	292	5	24	291	5e-08	55.5
lcl|YNL006W	NP_004362	23.81	147	112	18	147	4	149	280	9e-05	44.7
lcl|YNL006W	NP_003153	21.09	275	217	30	293	46	478	749	7e-11	65.1
lcl|YNL006W	NP_003153	20.97	124	98	10	143	27	659	779	0.004	39.3
lcl|YNL006W	NP_005040	22.01	209	163	9	278	72	370	571	2e-10	63.5
lcl|YNL006W	NP_005040	22.84	197	152	21	190	5	388	574	2e-06	50.4
lcl|YNL006W	NP_055389	19.78	273	219	26	293	46	411	682	2e-10	63.5
lcl|YNL006W	NP_009041	25.17	298	223	34	279	4	1982	2267	7e-10	61.6
lcl|YNL006W	NP_009041	23.49	281	215	51	299	68	1877	2155	1e-08	57.8
lcl|YNL006W	NP_009041	20.92	239	189	62	187	5	2076	2308	3e-07	53.1
lcl|YNL006W	NP_009041	20.10	194	155	9	235	42	1728	1912	0.002	40.0
lcl|YNL006W	NP_057347	24.24	231	175	19	236	14	253	472	7e-10	61.6
lcl|YNL006W	NP_057347	27.62	105	76	2	106	4	370	474	2e-04	43.9
lcl|YNL006W	NP_057347	24.36	156	118	14	299	150	215	362	5e-04	42.4
lcl|YNL006W	NP_057347	21.26	254	200	17	301	55	209	452	0.044	35.8
lcl|YNL006W	NP_001014445	32.65	98	66	1	291	194	67	163	1e-09	61.2
lcl|YNL006W	NP_001014445	28.17	142	102	5	143	5	52	191	3e-08	56.2
lcl|YNL006W	NP_001014445	33.33	90	60	2	291	202	34	121	2e-05	47.0
lcl|YNL006W	NP_001014445	22.45	147	114	7	277	131	52	191	6e-05	45.4
lcl|YNL006W	NP_001014445	21.09	147	116	9	234	90	52	191	5e-04	42.4
lcl|YNL006W	NP_061918	21.86	311	243	35	287	4	525	827	1e-09	60.8
lcl|YNL006W	NP_061918	22.70	163	126	22	182	40	751	911	5e-04	42.4
lcl|YNL006W	NP_061918	19.05	231	187	21	216	5	621	849	0.001	41.2
lcl|YNL006W	NP_115737	23.83	256	195	54	281	71	51	297	1e-09	60.8
lcl|YNL006W	NP_115737	22.70	185	143	23	178	4	114	285	2e-06	50.1
lcl|YNL006W	NP_115737	32.56	86	58	2	285	202	50	135	6e-04	42.0
lcl|YNL006W	NP_060111	25.22	230	172	26	234	18	1422	1638	2e-09	60.5
lcl|YNL006W	NP_060111	18.87	302	245	33	298	4	1346	1621	4e-06	49.3
lcl|YNL006W	NP_060066	23.11	225	173	18	235	19	1386	1600	2e-09	60.5
lcl|YNL006W	NP_060066	19.01	284	230	36	297	43	1305	1581	9e-06	48.1
lcl|YNL006W	NP_060066	16.61	307	256	45	278	4	1307	1600	6e-04	42.0
lcl|YNL006W	NP_001026859	22.75	233	180	20	277	46	84	297	2e-09	60.1
lcl|YNL006W	NP_001026859	21.36	206	162	12	208	5	126	321	2e-06	50.1
lcl|YNL006W	NP_001026859	35.71	70	45	5	291	222	126	190	0.003	39.7
lcl|YNL006W	NP_004244	22.75	233	180	20	277	46	27	240	2e-09	60.1
lcl|YNL006W	NP_004244	21.36	206	162	12	208	5	69	264	2e-06	50.1
lcl|YNL006W	NP_004244	35.71	70	45	5	291	222	69	133	0.003	39.7
lcl|YNL006W	NP_001078	22.02	277	216	40	277	4	188	427	3e-09	59.7
lcl|YNL006W	NP_001078	23.67	300	229	14	291	2	104	399	1e-08	57.4
lcl|YNL006W	NP_690869	23.83	214	163	13	210	2	89	294	5e-09	58.9
lcl|YNL006W	NP_690869	28.57	112	80	4	301	193	18	128	0.044	35.8
lcl|YNL006W	NP_006569	23.56	208	159	11	277	74	152	352	6e-09	58.5
lcl|YNL006W	NP_006569	25.00	140	105	2	143	6	213	352	6e-07	52.0
lcl|YNL006W	NP_006569	22.73	198	153	12	235	42	164	353	8e-07	51.6
lcl|YNL006W	NP_006569	19.20	224	181	45	291	70	58	238	2e-04	43.9
lcl|YNL006W	NP_006569	26.92	52	38	0	300	249	152	203	0.015	37.4
lcl|YNL006W	NP_057278	23.56	208	159	11	277	74	194	394	6e-09	58.5
lcl|YNL006W	NP_057278	25.00	140	105	2	143	6	255	394	6e-07	52.0
lcl|YNL006W	NP_057278	22.73	198	153	12	235	42	206	395	8e-07	51.6
lcl|YNL006W	NP_057278	19.20	224	181	45	291	70	100	280	2e-04	43.9
lcl|YNL006W	NP_057278	26.92	52	38	0	300	249	194	245	0.015	37.4
lcl|YNL006W	NP_054742	20.54	331	263	53	287	3	170	493	8e-09	58.2
lcl|YNL006W	NP_054742	24.14	203	154	11	237	40	290	486	2e-07	53.9
lcl|YNL006W	NP_054742	23.64	220	168	24	279	68	192	395	9e-05	44.7
lcl|YNL006W	NP_054742	35.56	45	29	1	291	248	154	198	0.034	36.2
lcl|YNL006W	NP_060726	23.04	230	177	33	283	82	106	330	8e-09	58.2
lcl|YNL006W	NP_060726	31.19	109	75	4	110	5	271	378	1e-06	51.2
lcl|YNL006W	NP_060726	33.01	103	69	11	169	67	249	340	9e-05	44.7
lcl|YNL006W	NP_056541	23.57	263	201	44	301	72	190	441	1e-08	57.8
lcl|YNL006W	NP_037535	21.18	288	227	21	293	22	440	722	1e-08	57.4
lcl|YNL006W	NP_037535	18.28	290	237	32	301	38	405	688	4e-05	45.8
lcl|YNL006W	NP_037535	21.37	117	92	8	143	33	638	752	0.009	38.1
lcl|YNL006W	NP_037535	21.25	160	126	9	155	5	559	718	0.026	36.6
lcl|YNL006W	NP_001034966	21.18	288	227	21	293	22	447	729	1e-08	57.4
lcl|YNL006W	NP_001034966	18.28	290	237	32	301	38	412	695	4e-05	45.8
lcl|YNL006W	NP_001034966	21.37	117	92	8	143	33	645	759	0.009	38.1
lcl|YNL006W	NP_001034966	21.25	160	126	9	155	5	566	725	0.026	36.6
lcl|YNL006W	NP_005069	20.82	293	232	44	279	27	482	770	1e-08	57.4
lcl|YNL006W	NP_005069	21.95	123	96	2	301	180	506	627	6e-04	42.0
lcl|YNL006W	NP_005069	19.09	241	195	26	236	5	547	770	0.001	41.2
lcl|YNL006W	NP_663622	23.49	166	127	8	205	45	98	260	2e-08	57.0
lcl|YNL006W	NP_942590	27.21	147	107	7	144	5	144	290	2e-08	56.6
lcl|YNL006W	NP_660337	22.55	306	237	29	299	14	1188	1484	2e-08	56.6
lcl|YNL006W	NP_660337	20.47	171	136	13	188	19	571	729	4e-04	42.7
lcl|YNL006W	NP_660337	28.57	91	65	9	159	74	657	743	8e-04	41.6
lcl|YNL006W	NP_005048	22.22	234	182	31	286	74	65	288	3e-08	56.2
lcl|YNL006W	NP_115708	21.89	233	182	11	236	6	41	264	3e-08	56.2
lcl|YNL006W	NP_115708	24.30	214	162	15	279	70	62	264	2e-06	50.1
lcl|YNL006W	NP_115708	22.63	190	147	14	184	2	121	303	2e-05	47.0
lcl|YNL006W	NP_115708	29.03	93	66	1	302	210	28	119	2e-05	47.0
lcl|YNL006W	NP_065851	26.11	180	133	10	182	5	121	292	4e-08	55.8
lcl|YNL006W	NP_000279	22.67	247	191	20	278	42	79	315	4e-08	55.8
lcl|YNL006W	NP_000279	22.53	182	141	15	172	4	127	306	2e-04	43.9
lcl|YNL006W	NP_113644	22.13	244	190	18	278	36	415	641	7e-08	55.1
lcl|YNL006W	NP_113644	26.85	149	109	12	150	5	508	647	1e-05	47.8
lcl|YNL006W	NP_113644	22.34	188	146	17	183	5	468	647	2e-05	46.6
lcl|YNL006W	NP_071902	22.58	186	144	6	186	4	485	667	7e-08	55.1
lcl|YNL006W	NP_071902	21.83	229	179	28	291	78	424	639	0.002	40.0
lcl|YNL006W	NP_001001740	22.58	186	144	6	186	4	461	643	7e-08	55.1
lcl|YNL006W	NP_001001740	21.83	229	179	28	291	78	400	615	0.002	40.0
lcl|YNL006W	NP_056975	21.99	241	188	22	234	6	348	578	9e-08	54.7
lcl|YNL006W	NP_056975	22.30	305	237	63	298	4	303	554	1e-07	54.3
lcl|YNL006W	NP_056975	26.05	119	88	10	301	183	274	382	9e-06	48.1
lcl|YNL006W	NP_056975	24.66	146	110	7	144	6	434	579	1e-04	44.3
lcl|YNL006W	NP_036585	20.35	231	184	28	278	69	84	307	1e-07	54.3
lcl|YNL006W	NP_036585	20.35	231	184	20	241	28	86	313	4e-04	42.7
lcl|YNL006W	NP_036585	29.52	105	74	12	283	187	70	170	0.002	40.0
lcl|YNL006W	NP_851782	31.86	113	77	4	150	42	508	620	3e-07	53.1
lcl|YNL006W	NP_851782	21.22	278	219	61	297	73	367	636	9e-05	44.7
lcl|YNL006W	NP_733828	31.86	113	77	4	150	42	532	644	3e-07	53.1
lcl|YNL006W	NP_733828	21.22	278	219	61	297	73	391	660	9e-05	44.7
lcl|YNL006W	NP_004695	19.44	216	174	20	277	73	197	403	3e-07	53.1
lcl|YNL006W	NP_004695	23.42	222	170	22	282	73	144	355	2e-05	47.0
lcl|YNL006W	NP_004695	19.53	215	173	10	241	33	200	410	6e-05	45.4
lcl|YNL006W	NP_004695	24.82	137	103	8	291	161	148	282	0.002	40.0
lcl|YNL006W	NP_694984	20.87	254	201	31	229	5	283	534	3e-07	52.8
lcl|YNL006W	NP_694984	23.32	223	171	15	283	73	178	397	2e-05	46.6
lcl|YNL006W	NP_694984	21.07	318	251	54	288	11	201	504	4e-05	45.8
lcl|YNL006W	NP_694984	18.88	196	159	2	291	96	70	263	1e-04	44.3
lcl|YNL006W	NP_694984	16.54	254	212	34	291	68	215	464	0.015	37.4
lcl|YNL006W	NP_443182	22.94	231	178	18	280	55	179	396	5e-07	52.4
lcl|YNL006W	NP_443182	16.86	172	143	6	237	67	106	272	0.004	39.3
lcl|YNL006W	NP_387505	19.08	304	246	66	291	11	207	467	5e-07	52.4
lcl|YNL006W	NP_387505	19.92	251	201	28	229	5	289	537	2e-06	50.4
lcl|YNL006W	NP_387505	21.86	215	168	13	277	73	184	395	0.001	40.8
lcl|YNL006W	NP_387505	25.00	96	72	1	291	196	175	269	0.005	38.9
lcl|YNL006W	NP_008936	19.76	253	203	19	279	32	533	771	5e-07	52.4
lcl|YNL006W	NP_008936	23.78	185	141	30	243	74	486	655	4e-05	45.8
lcl|YNL006W	NP_008936	25.40	126	94	6	302	180	507	629	1e-04	44.3
lcl|YNL006W	NP_008936	20.00	235	188	14	236	5	548	771	0.001	40.8
lcl|YNL006W	NP_061836	19.08	304	246	66	291	11	207	467	5e-07	52.4
lcl|YNL006W	NP_061836	19.92	251	201	28	229	5	289	537	2e-06	50.4
lcl|YNL006W	NP_061836	21.86	215	168	13	277	73	184	395	0.001	40.8
lcl|YNL006W	NP_061836	25.00	96	72	1	291	196	175	269	0.005	38.9
lcl|YNL006W	NP_003571	19.66	295	237	52	302	11	651	896	6e-07	52.0
lcl|YNL006W	NP_003571	19.76	253	203	22	285	39	604	840	8e-07	51.6
lcl|YNL006W	NP_115551	23.44	192	147	12	235	46	95	276	8e-07	51.6
lcl|YNL006W	NP_115551	19.82	227	182	17	288	67	72	286	5e-06	48.9
lcl|YNL006W	NP_115551	20.69	116	92	2	119	4	179	292	4e-04	42.7
lcl|YNL006W	NP_660284	21.59	227	178	18	281	66	93	312	8e-07	51.6
lcl|YNL006W	NP_660284	28.41	88	63	0	287	200	95	182	9e-05	44.7
lcl|YNL006W	NP_001012361	21.59	227	178	18	281	66	94	313	8e-07	51.6
lcl|YNL006W	NP_001012361	28.41	88	63	0	287	200	96	183	9e-05	44.7
lcl|YNL006W	NP_000073	22.31	242	188	37	283	74	42	278	8e-07	51.6
lcl|YNL006W	NP_000073	20.16	248	198	30	297	74	98	339	4e-04	42.7
lcl|YNL006W	NP_077007	24.33	263	199	21	274	22	71	322	1e-06	51.2
lcl|YNL006W	NP_001315	19.39	263	212	35	290	59	88	346	1e-06	51.2
lcl|YNL006W	NP_001315	21.86	247	193	25	234	4	187	424	1e-05	47.8
lcl|YNL006W	NP_001028694	19.39	263	212	35	290	59	88	346	1e-06	51.2
lcl|YNL006W	NP_001028694	21.86	247	193	25	234	4	187	424	1e-05	47.8
lcl|YNL006W	NP_001028693	19.39	263	212	35	290	59	88	346	1e-06	51.2
lcl|YNL006W	NP_001028693	21.86	247	193	25	234	4	187	424	1e-05	47.8
lcl|YNL006W	NP_056305	25.13	195	146	22	285	105	110	296	1e-06	50.8
lcl|YNL006W	NP_115647	24.91	285	214	31	277	1	407	668	2e-06	50.4
lcl|YNL006W	NP_115647	22.58	217	168	56	285	70	391	552	0.004	39.3
lcl|YNL006W	NP_009109	22.33	206	160	14	277	74	99	292	2e-06	50.4
lcl|YNL006W	NP_009109	32.26	93	63	3	294	203	55	145	1e-05	47.4
lcl|YNL006W	NP_009109	21.03	233	184	15	298	68	52	271	4e-05	45.8
lcl|YNL006W	NP_009109	23.13	134	103	5	143	11	163	292	3e-04	43.1
lcl|YNL006W	NP_009109	25.81	93	69	2	102	10	202	292	5e-04	42.4
lcl|YNL006W	NP_071918	22.74	277	214	58	301	70	1526	1789	2e-06	50.4
lcl|YNL006W	NP_071918	27.18	103	75	5	106	4	1672	1769	0.009	38.1
lcl|YNL006W	NP_055417	18.15	292	239	30	283	22	983	1274	2e-06	50.4
lcl|YNL006W	NP_055417	20.08	239	191	24	277	58	1124	1357	0.002	40.4
lcl|YNL006W	NP_055417	31.73	104	71	6	102	4	1255	1357	0.005	38.9
lcl|YNL006W	NP_001006624	22.77	101	78	2	144	44	132	230	2e-06	50.1
lcl|YNL006W	NP_001006624	27.27	99	72	2	103	5	134	230	2e-05	47.0
lcl|YNL006W	NP_001006624	23.14	121	93	8	234	114	117	229	0.026	36.6
lcl|YNL006W	NP_115918	30.56	72	50	0	145	74	291	362	2e-06	50.1
lcl|YNL006W	NP_115918	28.38	74	53	2	279	206	291	362	0.004	39.3
lcl|YNL006W	NP_644810	25.23	107	80	4	106	1	550	653	2e-06	50.1
lcl|YNL006W	NP_644810	19.33	119	96	1	190	72	536	653	3e-04	43.1
lcl|YNL006W	NP_644810	18.64	236	192	16	277	47	136	360	0.007	38.5
lcl|YNL006W	NP_644810	34.33	67	44	1	279	213	586	651	0.015	37.4
lcl|YNL006W	NP_036287	23.12	160	123	11	281	125	386	537	2e-06	50.1
lcl|YNL006W	NP_036287	22.03	177	138	17	296	129	264	432	6e-04	42.0
lcl|YNL006W	NP_001008707	21.22	245	193	36	277	43	500	718	3e-06	49.7
lcl|YNL006W	NP_009017	23.35	197	151	17	188	5	67	259	3e-06	49.7
lcl|YNL006W	NP_009017	23.03	178	137	25	280	110	7	166	4e-06	49.3
lcl|YNL006W	NP_009017	22.29	166	129	9	238	73	11	167	7e-05	45.1
lcl|YNL006W	NP_009017	23.43	175	134	18	166	3	149	316	0.002	40.0
lcl|YNL006W	NP_005103	19.44	324	261	46	283	2	106	425	3e-06	49.7
lcl|YNL006W	NP_005103	21.88	224	175	20	236	23	40	253	1e-05	47.8
lcl|YNL006W	NP_005103	22.50	160	124	6	280	122	311	465	0.001	40.8
lcl|YNL006W	NP_005103	27.91	86	62	4	288	206	48	132	0.002	40.4
lcl|YNL006W	NP_059830	19.44	324	261	46	283	2	246	565	3e-06	49.7
lcl|YNL006W	NP_059830	21.49	242	190	20	236	5	162	393	9e-06	48.1
lcl|YNL006W	NP_059830	19.25	239	193	27	288	64	47	272	7e-05	45.1
lcl|YNL006W	NP_059830	24.64	207	156	26	296	103	44	237	9e-05	44.7
lcl|YNL006W	NP_059830	22.50	160	124	6	280	122	451	605	0.001	40.8
lcl|YNL006W	NP_115635	20.54	297	236	55	271	30	24	320	3e-06	49.7
lcl|YNL006W	NP_004425	21.22	245	193	36	277	43	481	699	3e-06	49.7
lcl|YNL006W	NP_113673	26.52	132	97	7	165	41	272	403	4e-06	49.3
lcl|YNL006W	NP_001246	21.32	197	155	25	234	50	287	470	4e-06	49.3
lcl|YNL006W	NP_001246	22.83	92	71	0	102	11	379	470	0.004	39.3
lcl|YNL006W	NP_001246	20.75	294	233	26	291	18	155	442	0.009	38.1
lcl|YNL006W	NP_001246	19.10	199	161	26	296	106	178	358	0.012	37.7
lcl|YNL006W	NP_001007794	22.89	201	155	25	188	4	110	301	5e-06	48.9
lcl|YNL006W	NP_001007794	21.53	144	113	6	145	2	27	164	0.005	38.9
lcl|YNL006W	NP_004716	22.89	201	155	25	188	4	110	301	5e-06	48.9
lcl|YNL006W	NP_004716	21.53	144	113	6	145	2	27	164	0.005	38.9
lcl|YNL006W	NP_085058	20.07	274	219	25	272	17	90	356	7e-06	48.5
lcl|YNL006W	NP_077321	31.20	125	86	8	153	35	171	293	7e-06	48.5
lcl|YNL006W	NP_077321	27.83	115	83	6	278	164	173	281	2e-05	46.6
lcl|YNL006W	NP_077321	27.03	74	54	2	103	30	210	281	0.002	40.4
lcl|YNL006W	NP_000098	28.57	98	70	5	166	74	241	338	9e-06	48.1
lcl|YNL006W	NP_851937	35.06	77	50	7	145	74	269	343	9e-06	48.1
lcl|YNL006W	NP_851938	35.06	77	50	7	145	74	199	273	9e-06	48.1
lcl|YNL006W	NP_056419	35.06	77	50	7	145	74	369	443	9e-06	48.1
lcl|YNL006W	NP_079506	28.92	83	59	5	105	28	303	385	9e-06	48.1
lcl|YNL006W	NP_079506	19.92	236	189	23	283	65	162	391	9e-05	44.7
lcl|YNL006W	NP_079506	26.03	73	54	1	159	88	454	526	0.020	37.0
lcl|YNL006W	NP_852002	28.92	83	59	5	105	28	277	359	9e-06	48.1
lcl|YNL006W	NP_852002	19.92	236	189	23	283	65	136	365	9e-05	44.7
lcl|YNL006W	NP_852002	26.03	73	54	1	159	88	428	500	0.020	37.0
lcl|YNL006W	NP_060121	22.08	231	180	16	288	73	652	881	9e-06	48.1
lcl|YNL006W	XP_001133215	26.85	149	109	12	150	5	35	174	9e-06	48.1
lcl|YNL006W	NP_055784	26.67	150	110	12	143	4	769	916	1e-05	47.8
lcl|YNL006W	NP_055784	18.64	236	192	50	277	46	727	916	8e-04	41.6
lcl|YNL006W	NP_055784	20.07	274	219	22	296	40	624	892	0.020	37.0
lcl|YNL006W	NP_640337	20.00	180	144	20	206	40	107	279	1e-05	47.8
lcl|YNL006W	NP_005601	25.60	168	125	16	158	5	193	358	1e-05	47.8
lcl|YNL006W	NP_005601	21.65	231	181	66	280	66	168	348	0.020	37.0
lcl|YNL006W	NP_005500	24.09	137	104	6	157	27	2833	2969	1e-05	47.4
lcl|YNL006W	NP_005500	20.86	187	148	13	240	65	2828	3012	5e-04	42.4
lcl|YNL006W	NP_005500	21.32	197	155	27	251	73	2785	2972	0.012	37.7
lcl|YNL006W	NP_079436	20.61	228	181	18	294	74	207	423	1e-05	47.4
lcl|YNL006W	NP_079436	34.88	86	56	5	296	216	217	302	7e-05	45.1
lcl|YNL006W	NP_079436	18.73	251	204	43	301	70	249	475	1e-04	44.3
lcl|YNL006W	NP_060404	23.60	250	191	23	283	44	162	398	1e-05	47.4
lcl|YNL006W	NP_060404	21.71	152	119	18	188	55	345	496	2e-04	43.9
lcl|YNL006W	NP_060404	25.00	96	72	1	291	196	172	266	8e-04	41.6
lcl|YNL006W	NP_060404	19.09	309	250	38	288	11	204	505	0.001	40.8
lcl|YNL006W	NP_056280	21.57	343	269	51	299	4	351	689	2e-05	47.0
lcl|YNL006W	NP_079431	26.53	98	72	1	103	6	108	204	2e-05	47.0
lcl|YNL006W	NP_079431	26.25	80	59	1	150	72	131	210	5e-04	42.4
lcl|YNL006W	NP_079431	25.00	136	102	3	302	168	53	186	5e-04	42.4
lcl|YNL006W	NP_079431	25.42	118	88	7	278	161	94	204	0.004	39.3
lcl|YNL006W	NP_079431	21.74	115	90	2	187	74	91	204	0.020	37.0
lcl|YNL006W	NP_008993	23.93	234	178	12	296	69	250	477	2e-05	47.0
lcl|YNL006W	NP_008993	24.32	148	112	9	145	4	271	415	0.012	37.7
lcl|YNL006W	NP_036296	23.53	204	156	24	191	4	160	355	2e-05	47.0
lcl|YNL006W	NP_036296	20.67	179	142	24	284	115	147	310	9e-05	44.7
lcl|YNL006W	NP_055809	23.31	236	181	62	260	80	343	571	2e-05	47.0
lcl|YNL006W	NP_055809	36.21	58	37	2	301	246	86	143	0.002	40.0
lcl|YNL006W	NP_057085	20.11	189	151	6	226	42	306	492	2e-05	47.0
lcl|YNL006W	NP_057085	19.81	207	166	13	278	78	254	453	0.026	36.6
lcl|YNL006W	NP_003251	18.66	284	231	24	279	6	472	741	2e-05	46.6
lcl|YNL006W	NP_003251	20.43	235	187	14	236	5	518	741	4e-04	42.7
lcl|YNL006W	NP_003251	26.32	95	70	1	302	209	505	599	8e-04	41.6
lcl|YNL006W	NP_006373	26.17	149	110	12	150	5	8	147	2e-05	46.6
lcl|YNL006W	NP_689631	28.57	105	75	12	169	74	269	370	2e-05	46.6
lcl|YNL006W	NP_004402	26.56	128	94	10	188	71	480	607	2e-05	46.6
lcl|YNL006W	NP_001369	25.00	128	96	10	188	71	472	599	3e-05	46.2
lcl|YNL006W	NP_056078	21.89	233	182	16	242	23	2799	3028	3e-05	46.2
lcl|YNL006W	XP_049078	17.22	209	173	12	236	29	1229	1426	4e-05	45.8
lcl|YNL006W	XP_049078	24.75	101	76	2	218	119	970	1069	0.034	36.2
lcl|YNL006W	NP_060504	21.13	213	168	31	188	5	197	407	4e-05	45.8
lcl|YNL006W	NP_060504	22.22	279	217	47	270	27	177	443	9e-05	44.7
lcl|YNL006W	NP_060504	18.18	176	144	16	278	119	185	360	0.002	40.0
lcl|YNL006W	XP_945978	17.22	209	173	12	236	29	1229	1426	4e-05	45.8
lcl|YNL006W	XP_945978	24.75	101	76	2	218	119	970	1069	0.034	36.2
lcl|YNL006W	NP_872358	19.54	261	210	31	301	69	579	836	4e-05	45.8
lcl|YNL006W	NP_872358	19.37	253	204	25	291	63	531	782	8e-04	41.6
lcl|YNL006W	NP_005068	24.32	185	140	30	243	74	483	652	4e-05	45.8
lcl|YNL006W	NP_005068	25.40	126	94	6	302	180	504	626	5e-04	42.4
lcl|YNL006W	NP_005068	20.00	235	188	14	236	5	545	768	0.001	40.8
lcl|YNL006W	NP_002884	25.93	162	120	17	149	5	192	353	7e-05	45.1
lcl|YNL006W	NP_003601	25.74	101	75	2	144	46	57	157	7e-05	45.1
lcl|YNL006W	NP_001015885	25.74	101	75	2	144	46	57	157	7e-05	45.1
lcl|YNL006W	NP_076962	21.47	163	128	4	205	45	94	254	1e-04	44.3
lcl|YNL006W	NP_001008397	25.19	131	98	14	188	70	8	136	1e-04	44.3
lcl|YNL006W	NP_001008397	23.43	175	134	18	166	3	26	193	0.002	40.0
lcl|YNL006W	NP_000072	24.86	181	136	17	243	73	3614	3787	1e-04	44.3
lcl|YNL006W	NP_001025126	32.47	77	52	7	145	74	269	343	1e-04	44.3
lcl|YNL006W	NP_438171	30.51	118	82	16	175	73	80	196	2e-04	43.9
lcl|YNL006W	NP_438171	26.67	120	88	18	110	4	147	261	3e-04	43.1
lcl|YNL006W	NP_005432	21.11	341	269	75	273	5	32	369	2e-04	43.9
lcl|YNL006W	NP_005432	20.14	139	111	21	291	174	32	170	0.012	37.7
lcl|YNL006W	NP_872433	19.50	241	194	38	281	45	66	272	2e-04	43.9
lcl|YNL006W	NP_003380	30.51	118	82	16	175	73	80	196	2e-04	43.9
lcl|YNL006W	NP_003380	26.67	120	88	18	110	4	147	261	3e-04	43.1
lcl|YNL006W	NP_060738	30.83	120	83	10	234	115	322	431	2e-04	43.9
lcl|YNL006W	NP_055140	23.20	125	96	2	295	173	95	219	2e-04	43.5
lcl|YNL006W	NP_055140	25.00	116	87	10	178	73	78	193	0.004	39.3
lcl|YNL006W	NP_060808	23.18	220	169	30	293	95	349	559	2e-04	43.5
lcl|YNL006W	NP_065830	28.67	143	102	26	169	41	47	177	2e-04	43.5
lcl|YNL006W	NP_001006658	28.67	143	102	26	169	41	47	177	2e-04	43.5
lcl|YNL006W	NP_077005	21.99	141	110	10	135	5	189	329	2e-04	43.5
lcl|YNL006W	NP_077005	18.63	204	166	26	236	53	101	298	0.007	38.5
lcl|YNL006W	NP_077005	20.87	206	163	21	188	4	93	298	0.007	38.5
lcl|YNL006W	NP_060176	20.56	214	170	11	291	80	89	293	3e-04	43.1
lcl|YNL006W	NP_060725	29.35	92	65	12	277	198	605	696	4e-04	42.7
lcl|YNL006W	NP_001007234	20.16	248	198	30	297	74	40	281	4e-04	42.7
lcl|YNL006W	NP_003748	22.89	201	155	26	251	62	39	224	5e-04	42.4
lcl|YNL006W	NP_003748	21.69	83	65	0	132	50	163	245	0.001	40.8
lcl|YNL006W	NP_003748	30.59	85	59	2	281	197	1	83	0.002	40.4
lcl|YNL006W	NP_003748	18.35	218	178	9	283	72	7	221	0.004	39.3
lcl|YNL006W	NP_006082	21.79	234	183	27	288	73	80	304	5e-04	42.4
lcl|YNL006W	NP_443066	34.92	63	41	4	106	45	1334	1393	5e-04	42.4
lcl|YNL006W	NP_443066	22.22	135	105	14	188	67	456	589	5e-04	42.4
lcl|YNL006W	NP_056100	34.92	63	41	4	106	45	1367	1426	5e-04	42.4
lcl|YNL006W	NP_056100	22.22	135	105	14	188	67	456	589	5e-04	42.4
lcl|YNL006W	XP_943106	32.56	86	58	2	285	202	50	135	6e-04	42.0
lcl|YNL006W	XP_943106	28.42	95	68	4	161	71	51	145	8e-04	41.6
lcl|YNL006W	NP_694997	19.07	215	174	12	280	69	551	756	6e-04	42.0
lcl|YNL006W	NP_653269	25.00	112	84	4	236	125	620	727	8e-04	41.6
lcl|YNL006W	NP_003316	24.59	122	92	7	182	68	124	245	8e-04	41.6
lcl|YNL006W	NP_003316	19.90	196	157	28	277	110	6	201	0.012	37.7
lcl|YNL006W	NP_899243	23.75	160	122	18	269	116	1702	1849	0.001	41.2
lcl|YNL006W	NP_899243	19.65	229	184	23	224	7	252	468	0.034	36.2
lcl|YNL006W	NP_849146	21.39	201	158	22	280	90	34	222	0.001	41.2
lcl|YNL006W	NP_849146	22.30	139	108	20	159	26	111	234	0.020	37.0
lcl|YNL006W	NP_001006616	21.39	201	158	10	248	55	2	199	0.001	41.2
lcl|YNL006W	XP_001126984	19.59	291	234	27	301	25	14	291	0.002	40.4
lcl|YNL006W	XP_001126984	20.95	148	117	8	144	4	121	267	0.005	38.9
lcl|YNL006W	XP_001126984	22.22	108	84	7	108	5	36	140	0.044	35.8
lcl|YNL006W	NP_060732	21.09	147	116	7	181	35	15	154	0.002	40.4
lcl|YNL006W	XP_931937	28.41	88	63	3	177	91	22	107	0.002	40.4
lcl|YNL006W	NP_036367	26.53	147	108	17	145	5	1092	1227	0.002	40.4
lcl|YNL006W	NP_061878	25.56	133	99	13	159	31	184	307	0.002	40.4
lcl|YNL006W	XP_941915	28.41	88	63	3	177	91	22	107	0.002	40.4
lcl|YNL006W	NP_060551	21.34	239	188	20	226	5	245	480	0.002	40.4
lcl|YNL006W	XP_001127580	19.59	291	234	27	301	25	14	291	0.002	40.4
lcl|YNL006W	XP_001127580	20.95	148	117	8	144	4	121	267	0.005	38.9
lcl|YNL006W	XP_001127580	22.22	108	84	7	108	5	36	140	0.044	35.8
lcl|YNL006W	NP_443715	21.09	147	116	7	181	35	15	154	0.002	40.4
lcl|YNL006W	NP_001007526	19.66	295	237	36	280	4	789	1065	0.002	40.0
lcl|YNL006W	NP_060376	18.42	228	186	20	291	68	33	244	0.002	40.0
lcl|YNL006W	NP_003788	19.84	252	202	26	285	42	38	271	0.003	39.7
lcl|YNL006W	NP_694536	19.84	252	202	26	285	42	38	271	0.003	39.7
lcl|YNL006W	XP_001133439	31.03	87	60	5	281	197	12	95	0.003	39.7
lcl|YNL006W	NP_061139	24.79	117	88	6	152	40	111	225	0.004	39.3
lcl|YNL006W	NP_001017930	25.44	114	85	17	170	74	195	308	0.004	39.3
lcl|YNL006W	NP_653175	22.37	152	118	23	301	172	163	313	0.004	39.3
lcl|YNL006W	NP_851819	22.37	152	118	23	301	172	39	189	0.004	39.3
lcl|YNL006W	NP_851808	22.37	152	118	23	301	172	163	313	0.004	39.3
lcl|YNL006W	NP_851825	22.37	152	118	23	301	172	102	252	0.004	39.3
lcl|YNL006W	NP_387510	24.79	117	88	6	152	40	111	225	0.004	39.3
lcl|YNL006W	NP_004934	25.24	103	77	1	301	199	276	377	0.005	38.9
lcl|YNL006W	NP_112493	29.20	137	97	21	190	74	11	146	0.005	38.9
lcl|YNL006W	NP_065881	21.51	93	73	2	145	55	179	271	0.005	38.9
lcl|YNL006W	NP_078811	25.42	118	88	9	177	68	70	186	0.005	38.9
lcl|YNL006W	NP_001013650	28.00	75	54	3	102	30	147	220	0.005	38.9
lcl|YNL006W	NP_938026	29.87	77	54	1	298	222	38	113	0.005	38.9
lcl|YNL006W	NP_001013455	29.20	137	97	21	190	74	11	146	0.005	38.9
lcl|YNL006W	NP_056235	22.22	171	133	17	283	119	351	510	0.009	38.1
lcl|YNL006W	NP_116243	18.40	125	102	2	294	172	95	219	0.009	38.1
lcl|YNL006W	NP_116243	27.43	113	82	10	175	73	79	191	0.020	37.0
lcl|YNL006W	NP_055806	28.57	77	55	2	148	73	3125	3200	0.009	38.1
lcl|YNL006W	NP_037520	29.69	64	45	2	143	81	160	222	0.012	37.7
lcl|YNL006W	NP_689711	16.27	209	175	10	213	6	445	644	0.012	37.7
lcl|YNL006W	NP_056157	22.69	238	184	31	288	74	89	318	0.012	37.7
lcl|YNL006W	XP_293026	34.25	73	48	3	294	223	73	143	0.015	37.4
lcl|YNL006W	NP_061936	18.90	164	133	23	279	125	601	750	0.015	37.4
lcl|YNL006W	XP_293354	28.95	114	81	17	170	74	213	326	0.015	37.4
lcl|YNL006W	XP_947717	28.95	114	81	17	170	74	213	326	0.015	37.4
lcl|YNL006W	NP_003852	24.06	187	142	20	176	5	69	250	0.020	37.0
lcl|YNL006W	NP_009005	26.50	117	86	13	177	73	79	194	0.020	37.0
lcl|YNL006W	NP_443730	22.22	153	119	16	236	90	181	323	0.020	37.0
lcl|YNL006W	NP_060219	25.93	108	80	3	144	38	59	164	0.020	37.0
lcl|YNL006W	NP_775907	38.30	47	29	2	301	257	118	164	0.026	36.6
lcl|YNL006W	XP_949339	25.66	113	84	11	106	5	158	270	0.026	36.6
lcl|YNL006W	NP_056016	26.32	57	42	0	127	71	409	465	0.026	36.6
lcl|YNL006W	XP_001126255	26.32	57	42	0	127	71	325	381	0.026	36.6
lcl|YNL006W	NP_079039	21.36	220	173	37	279	96	558	776	0.026	36.6
lcl|YNL006W	NP_075462	24.24	132	100	4	188	61	350	481	0.034	36.2
lcl|YNL006W	NP_060353	18.69	305	248	43	301	29	169	462	0.044	35.8
lcl|YNL006W	XP_936953	25.66	113	84	11	106	5	158	270	0.044	35.8
lcl|YNL006W	XP_291064	23.37	184	141	22	205	38	2544	2721	0.044	35.8
lcl|YNL006W	NP_060501	29.41	85	60	10	143	67	201	283	0.044	35.8
lcl|YNL006W	XP_946304	23.37	184	141	22	205	38	2544	2721	0.044	35.8
