chr	start	end	length	abs_summit	pileup	-log10(pvalue)	fold_enrichment	-log10(qvalue)	name
chr1	629152	629984	833	629743	1035.47	78.13816	1.90528	73.19759	peak_1
chr1	630769	631345	577	631086	1175.96	197.71513	2.78242	192.53827	peak_2
chr1	631911	632938	1028	632046	1362.73	272.06448	3.10644	266.76468	peak_3
chr1	633746	634779	1034	634028	1431.32	186.28413	2.41538	181.12157	peak_4
chr1	1078679	1079029	351	1078983	14.88	5.32394	3.50303	1.70210	peak_5
chr1	1595095	1595377	283	1595148	15.70	7.96283	4.76722	4.06508	peak_6
chr1	2652898	2653353	456	2653146	46.28	7.34756	2.36391	3.49625	peak_7
chr1	2655135	2655846	712	2655183	53.72	7.92171	2.33306	4.03423	peak_8
chr1	2756562	2757005	444	2756621	36.36	13.09687	4.15127	8.95041	peak_9
chr1	8047392	8047906	515	8047690	19.01	7.99138	4.00142	4.08833	peak_10
chr1	16896338	16896594	257	16896488	24.79	9.79599	4.29865	5.78921	peak_11
chr1	25430440	25430753	314	25430583	26.44	18.32329	7.83370	14.02179	peak_12
chr1	30824242	30824499	258	30824309	17.35	9.65910	5.23898	5.65763	peak_13
chr1	33060660	33061057	398	33060796	35.54	18.51631	6.08917	14.20628	peak_14
chr1	44674212	44674489	278	44674299	18.18	8.63187	4.48194	4.69441	peak_15
chr1	58929631	58929960	330	58929792	17.35	8.44714	4.58858	4.51710	peak_16
chr1	61453244	61453498	255	61453308	15.70	6.57651	3.99687	2.80335	peak_17
chr1	64623799	64624580	782	64623967	39.67	25.52196	8.13341	21.06771	peak_18
chr1	121613191	121613444	254	121613229	45.45	12.00566	3.31799	7.89645	peak_19
chr1	121614810	121615451	642	121614994	43.80	13.25978	3.73325	9.10853	peak_20
chr1	121751966	121753841	1876	121753288	33.06	16.81004	5.67598	12.54815	peak_21
chr1	121767320	121767659	340	121767530	22.31	6.99767	3.33039	3.19234	peak_22
chr1	121769227	121770473	1247	121770005	23.97	6.61725	3.19603	2.83754	peak_23
chr1	121860458	121860714	257	121860490	44.63	9.49879	2.85159	5.50794	peak_24
chr1	122519748	122520108	361	122519898	27.27	9.06617	3.64274	5.10044	peak_25
chr1	122522695	122523379	685	122522716	26.44	6.98403	3.04941	3.18044	peak_26
chr1	122524506	122525932	1427	122524783	43.80	13.25978	3.73325	9.10853	peak_27
chr1	122539632	122540309	678	122539890	23.97	6.41011	3.12069	2.64920	peak_28
chr1	122546955	122547608	654	122547236	38.01	14.46717	4.33492	10.27642	peak_29
chr1	122548483	122550115	1633	122549469	33.88	11.02453	3.84472	6.95927	peak_30
chr1	122553559	122553906	348	122553905	39.67	5.27274	2.14037	1.66196	peak_31
chr1	122612605	122612893	289	122612744	22.31	10.14836	4.62886	6.12417	peak_32
chr1	122624349	122625146	798	122624798	30.58	9.27005	3.50852	5.29167	peak_33
chr1	122646818	122647610	793	122647421	23.14	6.41011	3.01739	2.64920	peak_34
chr1	122670534	122671189	656	122671061	24.79	5.93100	2.86577	2.23249	peak_35
chr1	122683260	122683812	553	122683322	39.67	5.84888	2.25928	2.16034	peak_36
chr1	122692742	122693543	802	122692783	30.58	10.18829	3.79712	6.16315	peak_37
chr1	122694749	122695084	336	122695058	24.79	6.96909	3.22399	3.16637	peak_38
chr1	122700729	122702205	1477	122701472	50.41	19.27930	4.63532	14.95413	peak_39
chr1	122725385	122725778	394	122725592	18.18	8.12347	4.23244	4.21292	peak_40
chr1	122735230	122735929	700	122735590	20.66	7.02706	3.58283	3.22008	peak_41
chr1	122765946	122766253	308	122766149	27.27	7.45382	3.11604	3.59818	peak_42
chr1	122773832	122774135	304	122773921	19.01	7.50427	3.78302	3.64508	peak_43
chr1	122781065	122781331	267	122781240	18.18	7.26902	3.82760	3.42310	peak_44
chr1	122790283	122790800	518	122790722	18.18	7.93223	4.14025	4.04269	peak_45
chr1	122798134	122799417	1284	122798995	35.54	8.70635	3.04459	4.76416	peak_46
chr1	122826794	122827856	1063	122827675	24.79	6.96909	3.22399	3.16637	peak_47
chr1	122850529	122850798	270	122850625	25.62	6.44960	2.95759	2.68676	peak_48
chr1	122853449	122853717	269	122853714	19.83	6.46191	3.47225	2.69478	peak_49
chr1	122889704	122890533	830	122889821	31.40	6.69973	2.70026	2.91465	peak_50
chr1	122904235	122904529	295	122904316	25.62	5.67719	2.70798	2.00233	peak_51
chr1	122912335	122912620	286	122912600	27.27	7.53378	3.14123	3.67206	peak_52
chr1	122971630	122972044	415	122971887	18.18	7.65719	4.00926	3.78647	peak_53
chr1	123011618	123012087	470	123011647	28.10	9.36461	3.63719	5.38129	peak_54
chr1	123107243	123107662	420	123107516	16.53	7.66459	4.38198	3.79152	peak_55
chr1	123176868	123177324	457	123176907	15.70	6.40009	3.90263	2.64413	peak_56
chr1	123199692	123200560	869	123200458	24.79	12.56869	5.50732	8.44191	peak_57
chr1	123225815	123226108	294	123225965	39.67	12.13421	3.69700	8.02111	peak_58
chr1	123422555	123423325	771	123423044	22.31	5.86828	2.91409	2.17390	peak_59
chr1	123445561	123445960	400	123445694	22.31	10.22378	4.66254	6.19579	peak_60
chr1	123469008	123469565	558	123469216	16.53	8.79877	5.00310	4.84419	peak_61
chr1	123503210	123503585	376	123503456	20.66	8.64837	4.30069	4.71010	peak_62
chr1	123559855	123560807	953	123560286	29.75	11.59223	4.39290	7.49885	peak_63
chr1	123596999	123597587	589	123597075	37.19	14.51051	4.45692	10.31859	peak_64
chr1	123604785	123605602	818	123605402	17.35	5.26629	3.05905	1.65591	peak_65
chr1	123677519	123677903	385	123677746	22.31	7.95218	3.70175	4.06200	peak_66
chr1	123809545	123810371	827	123810334	19.83	7.99138	4.16670	4.08833	peak_67
chr1	123926222	123927217	996	123926595	33.88	12.57369	4.32585	8.44618	peak_68
chr1	123927565	123927930	366	123927746	20.66	7.09102	3.60999	3.27881	peak_69
chr1	123999396	123999747	352	123999400	19.01	5.28566	2.85816	1.67083	peak_70
chr1	124012653	124012962	310	124012769	61.15	8.23984	2.21976	4.32203	peak_71
chr1	124030112	124030652	541	124030543	17.35	8.44261	4.58622	4.51428	peak_72
chr1	124043796	124044464	669	124043980	20.66	7.09102	3.60999	3.27881	peak_73
chr1	124164440	124164801	362	124164445	14.88	5.25176	3.46445	1.64611	peak_74
chr1	124176779	124177396	618	124176925	20.66	7.09102	3.60999	3.27881	peak_75
chr1	124178522	124178822	301	124178642	19.01	7.99138	4.00142	4.08833	peak_76
chr1	124239818	124240533	716	124240296	18.18	7.28745	3.83614	3.43853	peak_77
chr1	124290646	124290914	269	124290743	22.31	10.22378	4.66254	6.19579	peak_78
chr1	124318285	124319042	758	124318962	24.79	9.79599	4.29865	5.78921	peak_79
chr1	124343621	124344319	699	124343641	40.49	6.23803	2.30519	2.50810	peak_80
chr1	124362949	124363748	800	124363731	23.14	7.60524	3.44844	3.73783	peak_81
chr1	124413001	124413711	711	124413557	22.31	6.99767	3.33039	3.19234	peak_82
chr1	124437423	124438285	863	124437947	39.67	6.48464	2.39218	2.71643	peak_83
chr1	124454333	124454689	357	124454633	28.92	8.09835	3.32488	4.18926	peak_84
chr1	124486105	124486560	456	124486126	19.01	9.82931	4.87625	5.82065	peak_85
chr1	124500497	124501074	578	124501028	19.83	6.46191	3.47225	2.69478	peak_86
chr1	124507483	124507958	476	124507911	21.49	9.46042	4.49726	5.47045	peak_87
chr1	124510970	124511506	537	124511347	16.53	8.14875	4.64314	4.23566	peak_88
chr1	124531439	124532184	746	124531510	33.06	14.53762	4.86512	10.34284	peak_89
chr1	124533225	124533525	301	124533278	23.14	6.41011	3.01739	2.64920	peak_90
chr1	124562061	124562522	462	124562475	32.23	8.13240	3.02086	4.22121	peak_91
chr1	124562796	124563100	305	124563048	19.83	7.54519	3.95816	3.68227	peak_92
chr1	124568483	124568997	515	124568734	32.23	5.61949	2.37353	1.94766	peak_93
chr1	124603624	124604068	445	124603932	22.31	10.68882	4.87294	6.63892	peak_94
chr1	124613457	124613741	285	124613462	30.58	5.47216	2.42897	1.83303	peak_95
chr1	124614130	124614395	266	124614241	29.75	5.77257	2.56252	2.09172	peak_96
chr1	124686425	124686823	399	124686513	25.62	12.62006	5.32366	8.49013	peak_97
chr1	124694822	124695265	444	124694939	19.01	8.19763	4.09561	4.28308	peak_98
chr1	124700736	124701577	842	124700775	42.97	14.01293	3.99751	9.83686	peak_99
chr1	124706049	124706732	684	124706053	28.92	7.02967	2.99239	3.22150	peak_100
chr1	124735432	124735766	335	124735708	17.35	5.30144	3.07453	1.68592	peak_101
chr1	124741898	124742218	321	124741954	27.27	9.35087	3.73999	5.36925	peak_102
chr1	124761719	124761996	278	124761835	19.83	5.28566	2.97622	1.67083	peak_103
chr1	124763527	124763980	454	124763921	27.27	10.20195	4.03873	6.17568	peak_104
chr1	125166956	125167223	268	125167186	345.43	16.67438	1.62645	12.41774	peak_105
chr1	125167572	125167912	341	125167858	428.07	24.20831	1.70946	19.77862	peak_106
chr1	125178915	125180662	1748	125180189	8136.70	817.75848	2.15055	811.20990	peak_107
chr1	125181712	125183233	1522	125182565	3339.47	165.14427	1.67358	160.00296	peak_108
chr1	125183548	125183886	339	125183800	1188.36	15.78624	1.27888	11.55438	peak_109
chr1	143184746	143185315	570	143185121	1581.72	110.88215	1.86169	105.82944	peak_110
chr1	143190360	143191198	839	143190664	1175.96	43.06832	1.54053	38.37672	peak_111
chr1	143192573	143193860	1288	143193043	2666.78	156.59834	1.76015	151.46509	peak_112
chr1	143194342	143195710	1369	143195165	2086.65	117.09913	1.73393	112.03284	peak_113
chr1	143200278	143200922	645	143200342	1197.45	52.72950	1.61299	47.94947	peak_114
chr1	143202495	143202849	355	143202614	1698.24	86.15079	1.68076	81.16959	peak_115
chr1	143206265	143206769	505	143206452	1176.79	22.36182	1.35067	17.96752	peak_116
chr1	143211832	143214792	2961	143214771	3301.45	10.95428	1.12596	6.89367	peak_117
chr1	143217300	143217962	663	143217766	1708.16	64.27216	1.55338	59.41513	peak_118
chr1	143219559	143221018	1460	143220386	2916.35	310.71027	2.20178	305.34195	peak_119
chr1	143222162	143223230	1069	143222506	1702.38	124.24634	1.88844	119.16256	peak_120
chr1	143232866	143233305	440	143233066	1911.46	85.02791	1.62210	80.05171	peak_121
chr1	143237416	143237717	302	143237693	1037.95	15.35506	1.29754	11.13419	peak_122
chr1	143239459	143240592	1134	143240318	2122.19	134.02821	1.79931	128.92642	peak_123
chr1	143247139	143247415	277	143247296	937.13	73.12953	1.92635	68.21532	peak_124
chr1	143249788	143250318	531	143249883	1366.86	58.04233	1.59984	53.22673	peak_125
chr1	143251618	143252230	613	143251929	1332.15	78.01919	1.75184	73.07956	peak_126
chr1	143252748	143253200	453	143253015	1984.18	197.20914	2.13231	192.03302	peak_127
chr1	143253479	143255056	1578	143254499	3521.28	465.78262	2.44433	460.10233	peak_128
chr1	143255411	143255937	527	143255715	1477.60	65.12505	1.61595	60.26244	peak_129
chr1	143262176	143262922	747	143262572	2378.37	79.00169	1.51167	74.05570	peak_130
chr1	143263702	143264160	459	143264131	1599.90	34.31213	1.38247	29.72863	peak_131
chr1	143264461	143264770	310	143264651	2341.18	114.17753	1.66466	109.11860	peak_132
chr1	143265723	143267483	1761	143266542	1679.24	51.80240	1.48431	47.03059	peak_133
chr1	143728642	143729435	794	143729078	29.75	21.51844	8.77723	17.13864	peak_134
chr1	144101545	144106384	4840	144104102	165.28	98.57808	8.91139	93.55460	peak_135
chr1	144559936	144560527	592	144560226	31.40	17.83555	6.48061	13.54562	peak_136
chr1	146377022	146377652	631	146377276	32.23	22.45657	8.30737	18.06054	peak_137
chr1	149636462	149636811	350	149636763	14.88	6.12565	3.94189	2.40840	peak_138
chr1	153922716	153923453	738	153922860	27.27	19.06821	7.91199	14.74760	peak_139
chr1	155084917	155085710	794	155085625	16.53	6.67535	3.86773	2.89196	peak_140
chr1	168709360	168710579	1220	168709796	42.15	36.05071	11.99031	31.44425	peak_141
chr1	172358716	172359261	546	172359147	26.44	18.32329	7.83370	14.02179	peak_142
chr1	236713991	236714742	752	236714495	42.15	10.25758	3.05606	6.22815	peak_143
chr1	248945719	248946338	620	248946075	106.61	26.92479	3.47113	22.44842	peak_144
chr10	10044	10296	253	10204	166.93	20.45961	2.26935	16.10272	peak_145
chr10	1048915	1049322	408	1049061	35.54	21.45779	7.25422	17.07994	peak_146
chr10	1540668	1542172	1505	1542031	21.49	9.46042	4.49726	5.47045	peak_147
chr10	16817334	16817855	522	16817615	76.85	74.84974	18.19225	69.92525	peak_148
chr10	38788436	38788755	320	38788464	135.53	13.02607	2.00778	8.88191	peak_149
chr10	38793038	38793879	842	38793068	204.95	14.28611	1.80655	10.10210	peak_150
chr10	38813809	38814279	471	38814184	214.04	51.08187	3.41328	46.31554	peak_151
chr10	38818312	38818886	575	38818876	73.55	5.29127	1.73370	1.67610	peak_152
chr10	38827370	38828330	961	38828319	101.65	6.61691	1.71078	2.83754	peak_153
chr10	38844269	38844898	630	38844759	65.29	7.23981	2.03740	3.39499	peak_154
chr10	40085896	40087047	1152	40086247	34.71	9.21750	3.24624	5.24342	peak_155
chr10	40204325	40204951	627	40204480	50.41	21.35075	5.14102	16.97552	peak_156
chr10	40279789	40280188	400	40279953	61.15	10.14204	2.48613	6.11831	peak_157
chr10	40289116	40289415	300	40289195	33.06	9.40822	3.29547	5.42295	peak_158
chr10	40408513	40409260	748	40408775	30.58	11.34262	4.17729	7.26546	peak_159
chr10	40511117	40511376	260	40511165	27.27	8.43220	3.43085	4.50490	peak_160
chr10	40514984	40515572	589	40515238	23.14	7.27472	3.32660	3.42868	peak_161
chr10	40540982	40541488	507	40541312	26.44	5.19227	2.49497	1.59212	peak_162
chr10	40705983	40706312	330	40706033	23.97	6.90683	3.30270	3.10902	peak_163
chr10	40750615	40751439	825	40751403	19.01	9.42101	4.67504	5.43435	peak_164
chr10	40768745	40769248	504	40769100	21.49	8.05836	3.88150	4.15188	peak_165
chr10	40853546	40854233	688	40854204	26.44	6.01580	2.74447	2.30974	peak_166
chr10	40892098	40892494	397	40892248	69.42	8.90043	2.20054	4.94062	peak_167
chr10	40937714	40938210	497	40937916	27.27	10.23603	4.05094	6.20731	peak_168
chr10	40961378	40962054	677	40961825	28.92	8.90709	3.58749	4.94702	peak_169
chr10	40975891	40976155	265	40976041	26.44	6.01580	2.74447	2.30974	peak_170
chr10	41006364	41006637	274	41006471	20.66	9.33837	4.62502	5.35751	peak_171
chr10	41015771	41016091	321	41015863	23.14	7.87296	3.54867	3.98753	peak_172
chr10	41017527	41018101	575	41017947	55.37	16.46100	3.72627	12.20857	peak_173
chr10	41035980	41036240	261	41036136	27.27	13.57260	5.34561	9.40937	peak_174
chr10	41044374	41044664	291	41044633	24.79	6.96909	3.22399	3.16637	peak_175
chr10	41124896	41125554	659	41125395	178.50	51.85714	3.98893	47.08493	peak_176
chr10	41275269	41275572	304	41275443	65.29	16.44587	3.31427	12.19380	peak_177
chr10	41408489	41409417	929	41409173	33.06	14.53762	4.86512	10.34284	peak_178
chr10	41425136	41425411	276	41425352	17.35	8.01625	4.36604	4.11178	peak_179
chr10	41859277	41859961	685	41859946	2118.88	23.35104	1.25437	18.93895	peak_180
chr10	41879294	41879655	362	41879468	747.89	28.86883	1.55371	24.36092	peak_181
chr10	41883229	41883905	677	41883722	414.02	20.42508	1.64041	16.07159	peak_182
chr10	41888672	41889527	856	41889526	322.29	5.39377	1.29318	1.76713	peak_183
chr10	41896339	41896600	262	41896579	181.81	7.71150	1.54519	3.83586	peak_184
chr10	41898743	41899837	1095	41899283	923.08	131.61589	2.52482	126.51809	peak_185
chr10	42099164	42099864	701	42099850	272.71	5.46251	1.32869	1.82943	peak_186
chr10	43409016	43409334	319	43409195	16.53	8.79877	5.00310	4.84419	peak_187
chr10	46377937	46378275	339	46377969	23.14	9.44780	4.16679	5.45983	peak_188
chr10	47481421	47481885	465	47481562	22.31	10.22378	4.66254	6.19579	peak_189
chr10	71029399	71029672	274	71029581	30.58	22.61245	9.01312	18.21170	peak_190
chr10	86441089	86441616	528	86441456	19.01	10.08017	5.00178	6.05812	peak_191
chr10	100286260	100286886	627	100286800	19.01	7.99138	4.00142	4.08833	peak_192
chr10	110919002	110919453	452	110919231	21.49	13.32049	6.41840	9.16634	peak_193
chr10	132717729	132721828	4100	132719479	47.10	27.72602	7.34418	23.23564	peak_194
chr10	133111430	133111735	306	133111734	37.19	6.33454	2.38674	2.59862	peak_195
chr10	133688120	133688746	627	133688378	871.85	44.08651	1.67212	39.38572	peak_196
chr10	133689157	133689410	254	133689401	490.88	5.11766	1.22358	1.52301	peak_197
chr10	133763357	133763757	401	133763541	178.50	18.06999	2.07466	13.77526	peak_198
chr11	411293	412272	980	411697	17.35	8.44714	4.58858	4.51710	peak_199
chr11	507024	507366	343	507155	31.40	22.63663	8.69984	18.23563	peak_200
chr11	728078	728393	316	728274	12.40	5.61631	3.82368	1.94469	peak_201
chr11	834709	834980	272	834877	19.83	10.08017	5.20838	6.05812	peak_202
chr11	3653942	3654668	727	3654477	118.17	20.08711	2.64833	15.74225	peak_203
chr11	10509239	10509663	425	10509398	226.43	21.90209	2.04894	17.51520	peak_204
chr11	33700964	33701262	299	33700985	13.22	5.46828	3.55559	1.82986	peak_205
chr11	53518484	53519267	784	53518514	16.53	7.66459	4.38198	3.79152	peak_206
chr11	57288949	57289201	253	57289004	21.49	5.34426	2.81079	1.71985	peak_207
chr11	57311265	57311842	578	57311667	20.66	12.37422	6.18252	8.25241	peak_208
chr11	57322033	57322834	802	57322445	57.85	51.97838	14.71194	47.20510	peak_209
chr11	57325036	57325324	289	57325159	18.18	9.73953	5.04724	5.73519	peak_210
chr11	58577970	58578279	310	58577971	14.05	5.70554	3.51642	2.02763	peak_211
chr11	62573967	62574235	269	62574076	17.35	8.44714	4.58858	4.51710	peak_212
chr11	66480384	66480661	278	66480565	21.49	11.79668	5.62158	7.69519	peak_213
chr11	67078427	67078867	441	67078673	42.15	33.53720	10.78656	28.96530	peak_214
chr11	69068342	69069707	1366	69068809	63.63	64.66751	18.44844	59.80771	peak_215
chr11	69280686	69281190	505	69281014	29.75	13.55013	5.12505	9.38751	peak_216
chr11	70265578	70265839	262	70265601	12.40	5.61631	3.82368	1.94469	peak_217
chr11	71787081	71787340	260	71787180	18.18	10.54253	5.47487	6.49709	peak_218
chr11	72112375	72112760	386	72112574	21.49	11.79668	5.62158	7.69519	peak_219
chr11	72223277	72223560	284	72223372	16.53	5.94584	3.50559	2.24416	peak_220
chr11	72813135	72814672	1538	72813574	27.27	19.37337	8.06958	15.04347	peak_221
chr11	74398499	74398908	410	74398692	52.89	49.57532	15.38196	44.82265	peak_222
chr11	75328228	75328630	403	75328416	19.83	11.44792	5.94663	7.35984	peak_223
chr11	77757702	77758107	406	77757766	14.88	7.15268	4.53133	3.31311	peak_224
chr11	77760383	77760689	307	77760394	13.22	6.36991	4.05957	2.61564	peak_225
chr11	77762362	77762705	344	77762422	14.05	7.15268	4.29545	3.31311	peak_226
chr11	77763006	77763328	323	77763057	14.88	7.15268	4.53133	3.31311	peak_227
chr11	77819132	77819474	343	77819367	16.53	8.79877	5.00310	4.84419	peak_228
chr11	77835042	77836250	1209	77835342	17.35	8.44714	4.58858	4.51710	peak_229
chr11	77841048	77841342	295	77841240	15.70	7.35703	4.42423	3.50466	peak_230
chr11	77848365	77848962	598	77848463	14.88	6.17368	3.96878	2.44766	peak_231
chr11	77856656	77856946	291	77856669	14.05	5.70554	3.51642	2.02763	peak_232
chr11	77861634	77862429	796	77862119	16.53	8.79877	5.00310	4.84419	peak_233
chr11	77863396	77863789	394	77863538	20.66	12.37422	6.18252	8.25241	peak_234
chr11	77867141	77867656	516	77867545	14.88	7.15268	4.53133	3.31311	peak_235
chr11	77911085	77911424	340	77911154	14.05	6.17368	3.76219	2.44766	peak_236
chr11	77914641	77914900	260	77914672	14.88	6.17368	3.96878	2.44766	peak_237
chr11	77941722	77942029	308	77941962	15.70	7.96283	4.76722	4.06508	peak_238
chr11	77944650	77944908	259	77944718	16.53	7.12022	4.09573	3.30284	peak_239
chr11	77982607	77983007	401	77982688	14.05	7.15268	4.29545	3.31311	peak_240
chr11	77988336	77988703	368	77988611	14.05	7.15268	4.29545	3.31311	peak_241
chr11	77990789	77991639	851	77990914	17.35	9.65910	5.23898	5.65763	peak_242
chr11	78003061	78003406	346	78003251	15.70	7.96283	4.76722	4.06508	peak_243
chr11	78014379	78014728	350	78014585	15.70	7.96283	4.76722	4.06508	peak_244
chr11	78031924	78032328	405	78032040	16.53	8.79877	5.00310	4.84419	peak_245
chr11	78045594	78046166	573	78045754	16.53	8.79877	5.00310	4.84419	peak_246
chr11	78053048	78053469	422	78053303	16.53	7.66459	4.38198	3.79152	peak_247
chr11	78070829	78071126	298	78071014	14.88	7.15268	4.53133	3.31311	peak_248
chr11	78085782	78086051	270	78085930	17.35	9.65910	5.23898	5.65763	peak_249
chr11	78099815	78100153	339	78099987	22.31	14.28585	6.65428	10.10187	peak_250
chr11	78109962	78110735	774	78110012	14.05	7.15268	4.29545	3.31311	peak_251
chr11	78111461	78112283	823	78111583	16.53	8.79877	5.00310	4.84419	peak_252
chr11	78123564	78124056	493	78123661	14.88	6.17368	3.96878	2.44766	peak_253
chr11	78139305	78139859	555	78139378	14.05	7.11036	4.27188	3.29445	peak_254
chr11	78169621	78170118	498	78169717	16.53	5.94584	3.50559	2.24416	peak_255
chr11	78182764	78183143	380	78183094	15.70	7.96283	4.76722	4.06508	peak_256
chr11	78187203	78187670	468	78187294	17.35	9.65910	5.23898	5.65763	peak_257
chr11	78188066	78188566	501	78188151	19.01	10.01272	4.96789	5.99516	peak_258
chr11	78189500	78189912	413	78189855	14.88	7.15268	4.53133	3.31311	peak_259
chr11	78198021	78198725	705	78198406	14.88	7.15268	4.53133	3.31311	peak_260
chr11	78200505	78201007	503	78200531	13.22	6.36991	4.05957	2.61564	peak_261
chr11	78204750	78205131	382	78205055	17.35	9.65910	5.23898	5.65763	peak_262
chr11	78212057	78212364	308	78212308	13.22	6.36991	4.05957	2.61564	peak_263
chr11	78213280	78213549	270	78213497	15.70	7.96283	4.76722	4.06508	peak_264
chr11	78217130	78217519	390	78217297	15.70	7.96283	4.76722	4.06508	peak_265
chr11	78219329	78219733	405	78219697	13.22	6.36991	4.05957	2.61564	peak_266
chr11	78224930	78225950	1021	78225159	16.53	8.79877	5.00310	4.84419	peak_267
chr11	78236932	78237328	397	78237039	15.70	5.31046	3.34031	1.69154	peak_268
chr11	78239840	78240137	298	78239872	16.53	8.79877	5.00310	4.84419	peak_269
chr11	78261853	78262158	306	78262109	15.70	6.90630	4.17538	3.10890	peak_270
chr11	78281604	78282066	463	78281760	15.70	7.96283	4.76722	4.06508	peak_271
chr11	78285121	78285535	415	78285167	15.70	7.96283	4.76722	4.06508	peak_272
chr11	78312719	78313154	436	78313110	14.05	7.11036	4.27188	3.29445	peak_273
chr11	78345532	78345823	292	78345730	19.01	11.44792	5.71075	7.35984	peak_274
chr11	78348265	78348522	258	78348482	13.22	6.36991	4.05957	2.61564	peak_275
chr11	78348955	78349388	434	78349103	17.35	9.65910	5.23898	5.65763	peak_276
chr11	78351037	78351326	290	78351050	14.05	6.17368	3.76219	2.44766	peak_277
chr11	78372504	78372875	372	78372580	13.22	6.36991	4.05957	2.61564	peak_278
chr11	78373808	78374247	440	78373870	13.22	6.23069	3.98029	2.50087	peak_279
chr11	78380899	78381250	352	78381033	16.53	7.66459	4.38198	3.79152	peak_280
chr11	78421223	78421715	493	78421236	13.22	5.46828	3.55559	1.82986	peak_281
chr11	78423087	78423367	281	78423290	14.05	7.11036	4.27188	3.29445	peak_282
chr11	78439317	78439667	351	78439604	18.18	10.54253	5.47487	6.49709	peak_283
chr11	78459510	78460460	951	78460181	17.35	9.65910	5.23898	5.65763	peak_284
chr11	78469734	78469988	255	78469919	14.88	6.08173	3.91735	2.37055	peak_285
chr11	78497557	78497824	268	78497759	13.22	6.36991	4.05957	2.61564	peak_286
chr11	78513674	78514070	397	78513926	14.88	6.17368	3.96878	2.44766	peak_287
chr11	78514968	78515269	302	78515132	16.53	7.66459	4.38198	3.79152	peak_288
chr11	78519641	78519954	314	78519915	12.40	5.61631	3.82368	1.94469	peak_289
chr11	78533561	78533928	368	78533771	16.53	8.79877	5.00310	4.84419	peak_290
chr11	78565165	78565963	799	78565566	20.66	12.15224	6.06178	8.03884	peak_291
chr11	78573887	78574558	672	78574364	18.18	10.54253	5.47487	6.49709	peak_292
chr11	78581850	78582162	313	78581913	13.22	6.36991	4.05957	2.61564	peak_293
chr11	78605668	78605988	321	78605740	15.70	7.96283	4.76722	4.06508	peak_294
chr11	78609758	78610135	378	78609885	19.01	10.66489	5.29988	6.61576	peak_295
chr11	118619298	118619573	276	118619363	14.88	6.89550	4.38098	3.10107	peak_296
chr12	10032	10404	373	10237	377.66	206.39056	8.23181	201.20383	peak_297
chr12	2720504	2720953	450	2720737	18.18	7.22757	3.80843	3.38286	peak_298
chr12	6851427	6851962	536	6851483	20.66	11.91907	5.93605	7.81343	peak_299
chr12	35017562	35018331	770	35018216	14.05	6.17368	3.76219	2.44766	peak_300
chr12	35799289	35799554	266	35799497	14.88	6.54224	4.17740	2.77105	peak_301
chr12	36203673	36204159	487	36204064	18.18	7.28745	3.83614	3.43853	peak_302
chr12	36885549	36886242	694	36886114	17.35	5.26629	3.05905	1.65591	peak_303
chr12	37014228	37014682	455	37014453	19.01	10.07505	4.99920	6.05618	peak_304
chr12	37235996	37236530	535	37236155	37.19	12.25296	3.81878	8.13657	peak_305
chr12	37236910	37238657	1748	37237964	84.29	39.33943	6.09232	34.69166	peak_306
chr12	37239572	37240626	1055	37239761	37.19	16.44743	5.05189	12.19519	peak_307
chr12	37245827	37247332	1506	37246371	31.40	21.29953	8.04588	16.92528	peak_308
chr12	37260206	37260694	489	37260611	19.01	7.92762	3.97252	4.03824	peak_309
chr12	56221931	56222412	482	56222144	45.45	40.32611	13.18627	35.66483	peak_310
chr12	56360224	56360477	254	56360341	19.01	11.31301	5.63904	7.23749	peak_311
chr12	65169747	65170083	337	65169884	14.88	7.15268	4.53133	3.31311	peak_312
chr12	69405368	69405639	272	69405469	37.19	29.61630	10.39378	25.09473	peak_313
chr12	75330021	75330314	294	75330193	34.71	27.12158	10.19253	22.64093	peak_314
chr12	98644770	98645071	302	98644835	18.18	10.54253	5.47487	6.49709	peak_315
chr12	104588348	104588868	521	104588709	28.92	18.36732	7.48097	14.06185	peak_316
chr12	123383759	123384050	292	123383941	20.66	12.37422	6.18252	8.25241	peak_317
chr12	130392120	130393127	1008	130392460	23.14	6.41011	3.01739	2.64920	peak_318
chr12	131579889	131581422	1534	131580766	18.18	7.28745	3.83614	3.43853	peak_319
chr12	131582361	131582754	394	131582463	17.35	7.38795	4.05009	3.53445	peak_320
chr12	133264976	133265285	310	133265124	207.43	47.33854	3.30834	42.60591	peak_321
chr13	17614025	17614537	513	17614162	15.70	7.96283	4.76722	4.06508	peak_322
chr13	17655388	17655693	306	17655620	19.01	6.46191	3.33452	2.69478	peak_323
chr13	18211830	18212343	514	18212113	173.54	23.67223	2.39100	19.25197	peak_324
chr13	23321662	23322002	341	23321812	15.70	7.96283	4.76722	4.06508	peak_325
chr13	51793565	51793906	342	51793668	17.35	9.60687	5.21024	5.61173	peak_326
chr13	52455136	52455432	297	52455312	16.53	8.74986	4.97565	4.80290	peak_327
chr13	110347707	110348299	593	110348001	49.58	43.50072	13.39963	38.80570	peak_328
chr14	37197740	37198190	451	37198044	19.83	11.44792	5.94663	7.35984	peak_329
chr14	77486191	77486470	280	77486383	17.35	9.65910	5.23898	5.65763	peak_330
chr14	99480960	99481367	408	99481106	23.14	14.39339	6.43746	10.20578	peak_331
chr14	104251023	104251792	770	104251301	17.35	5.26629	3.05905	1.65591	peak_332
chr14	104752670	104753071	402	104752932	32.23	22.33826	8.25108	17.94457	peak_333
chr14	105475502	105475964	463	105475605	15.70	7.96283	4.76722	4.06508	peak_334
chr14	106752394	106752915	522	106752649	39.67	6.48464	2.39218	2.71643	peak_335
chr15	17081407	17081685	279	17081419	80.99	6.42492	1.82193	2.66383	peak_336
chr15	19566200	19567121	922	19567017	18.18	7.28745	3.83614	3.43853	peak_337
chr15	19775406	19780954	5549	19776190	88.42	95.04207	22.35611	90.02798	peak_338
chr15	19782284	19783932	1649	19782518	41.32	30.48921	9.71698	25.95582	peak_339
chr15	20101819	20106011	4193	20104768	87.60	54.15737	8.85980	49.36637	peak_340
chr15	20340294	20343838	3545	20341174	161.15	86.39341	7.65499	81.41137	peak_341
chr15	21108839	21112887	4049	21110654	80.16	28.37931	4.50891	23.87885	peak_342
chr15	75450404	75450772	369	75450596	22.31	13.78194	6.38901	9.61087	peak_343
chr15	75451768	75452189	422	75452072	25.62	15.45244	6.65457	11.22791	peak_344
chr15	98896940	98897295	356	98897030	14.05	7.15268	4.29545	3.31311	peak_345
chr15	100557224	100557548	325	100557383	15.70	7.96283	4.76722	4.06508	peak_346
chr16	589347	589923	577	589783	50.41	46.93130	14.67431	42.20212	peak_347
chr16	960668	960953	286	960898	16.53	8.79877	5.00310	4.84419	peak_348
chr16	3021590	3021865	276	3021748	16.53	6.26813	3.66378	2.53637	peak_349
chr16	22534924	22535504	581	22535168	15.70	5.31046	3.34031	1.69154	peak_350
chr16	30335065	30335437	373	30335156	17.35	8.72673	4.73547	4.78230	peak_351
chr16	30370596	30371047	452	30370836	28.92	20.43859	8.54135	16.08220	peak_352
chr16	30377991	30378313	323	30378064	22.31	10.68882	4.87294	6.63892	peak_353
chr16	30650819	30651310	492	30650869	17.35	9.65910	5.23898	5.65763	peak_354
chr16	30658015	30659215	1201	30658102	35.54	25.66042	9.13376	21.20355	peak_355
chr16	32285470	32286220	751	32285696	28.10	18.26469	7.22508	13.96543	peak_356
chr16	33336003	33339922	3920	33338675	155.36	41.95407	3.72292	37.27391	peak_357
chr16	33491312	33492427	1116	33491674	155.36	51.62290	4.46750	46.85232	peak_358
chr16	34573242	34574420	1179	34574026	814.83	76.92958	2.07590	71.99566	peak_359
chr16	34582799	34583688	890	34583111	1482.56	54.96788	1.54698	50.17100	peak_360
chr16	34586635	34586898	264	34586822	1076.79	74.84807	1.85188	69.92371	peak_361
chr16	34589932	34590381	450	34590313	350.39	11.04862	1.46180	6.98300	peak_362
chr16	34592701	34593558	858	34593255	1166.87	48.71630	1.59111	43.97234	peak_363
chr16	34595197	34595575	379	34595481	777.64	17.03721	1.37812	12.76995	peak_364
chr16	34731094	34731359	266	34731156	19.01	7.88383	3.95272	3.99817	peak_365
chr16	37680219	37680523	305	37680393	14.88	5.43472	3.56252	1.80254	peak_366
chr16	38265771	38267963	2193	38267018	128.92	98.47698	12.99179	93.45370	peak_367
chr16	38268381	38268997	617	38268863	24.79	16.27076	7.36193	12.02390	peak_368
chr16	38275928	38280475	4548	38276290	143.79	83.24902	8.51723	78.28140	peak_369
chr16	46387699	46388037	339	46387935	1694.11	38.78639	1.39861	34.14548	peak_370
chr16	46390641	46391208	568	46390739	2590.75	29.10035	1.25874	24.58841	peak_371
chr16	46394279	46395059	781	46394795	1788.32	36.03120	1.36798	31.42490	peak_372
chr16	46398384	46399580	1197	46398914	1633.79	42.60741	1.43402	37.92175	peak_373
chr16	46400036	46400910	875	46400135	1577.59	22.60554	1.29605	18.20623	peak_374
chr16	46401243	46401511	269	46401412	1095.80	55.91828	1.67964	51.11560	peak_375
chr16	57028890	57029470	581	57029247	28.10	20.43859	8.30547	16.08220	peak_376
chr16	87999203	87999834	632	87999255	23.97	11.00531	4.99310	6.94130	peak_377
chr16	88245409	88245678	270	88245445	14.88	6.59104	4.20532	2.81532	peak_378
chr17	117192	117900	709	117788	120.65	30.22389	3.47583	25.69362	peak_379
chr17	217607	218187	581	218024	31.40	8.65647	3.24031	4.71765	peak_380
chr17	256405	256856	452	256479	16.53	8.68665	4.94027	4.74523	peak_381
chr17	1062542	1064045	1504	1063674	38.01	12.89294	3.90142	8.75187	peak_382
chr17	1064637	1065077	441	1064694	19.83	6.46191	3.47225	2.69478	peak_383
chr17	2593086	2593450	365	2593204	19.83	11.44792	5.94663	7.35984	peak_384
chr17	7014734	7014987	254	7014844	16.53	5.94584	3.50559	2.24416	peak_385
chr17	7306884	7307589	706	7307051	28.92	20.34982	8.49449	15.99856	peak_386
chr17	7351783	7352132	350	7351963	32.23	24.84119	9.48488	20.39901	peak_387
chr17	7404215	7404531	317	7404393	19.01	11.38906	5.67942	7.31008	peak_388
chr17	7841441	7842050	610	7841586	39.67	33.03024	11.60783	28.46449	peak_389
chr17	18183398	18183757	360	18183667	20.66	8.71601	4.33198	4.77195	peak_390
chr17	19062292	19063896	1605	19063662	48.76	40.68121	12.43935	36.01535	peak_391
chr17	19111951	19112211	261	19112116	23.97	9.01740	4.12961	5.05273	peak_392
chr17	19188590	19189341	752	19188624	23.14	7.60524	3.44844	3.73783	peak_393
chr17	21860862	21861579	718	21861282	119.00	9.17485	1.81820	5.20318	peak_394
chr17	21863937	21864271	335	21864243	113.22	7.27666	1.70472	3.43059	peak_395
chr17	21893824	21894502	679	21894487	50.41	7.04678	2.23523	3.23802	peak_396
chr17	21973096	21973664	569	21973113	242.13	6.52205	1.39732	2.75181	peak_397
chr17	22521214	22521567	354	22521398	476.83	303.15118	10.38762	297.79852	peak_398
chr17	22977455	22977718	264	22977573	83.47	41.01473	6.49739	36.34531	peak_399
chr17	23378177	23378917	741	23378798	80.99	23.94479	3.90414	19.51918	peak_400
chr17	23503037	23503597	561	23503054	14.88	7.15268	4.53133	3.31311	peak_401
chr17	23583019	23583846	828	23583377	163.63	31.80810	2.93976	27.25828	peak_402
chr17	23804574	23804863	290	23804591	35.54	5.52475	2.28344	1.88126	peak_403
chr17	23878316	23879162	847	23878832	39.67	20.48726	6.20868	16.12996	peak_404
chr17	24150955	24151650	696	24151177	128.92	18.69522	2.45128	14.38235	peak_405
chr17	24187524	24188815	1292	24188165	300.81	41.09467	2.43394	36.42400	peak_406
chr17	24355370	24355760	391	24355424	24.79	5.41167	2.69302	1.78407	peak_407
chr17	24421289	24421582	294	24421461	157.02	63.69321	5.44880	58.83949	peak_408
chr17	24532953	24533468	516	24533035	24.79	5.06283	2.57919	1.47055	peak_409
chr17	24736316	24737212	897	24736595	54.54	18.85607	4.27247	14.53868	peak_410
chr17	24748208	24748949	742	24748279	49.58	15.61981	3.89106	11.39178	peak_411
chr17	24823882	24824548	667	24824108	83.47	6.87233	1.83622	3.07879	peak_412
chr17	25074367	25074664	298	25074481	254.53	65.44879	3.65043	60.58372	peak_413
chr17	25075465	25075763	299	25075596	31.40	10.83294	3.89650	6.77917	peak_414
chr17	25128029	25128828	800	25128255	19.01	11.38906	5.67942	7.31008	peak_415
chr17	25139898	25140200	303	25139975	66.94	13.13725	2.83075	8.98998	peak_416
chr17	25352975	25353367	393	25353085	57.85	13.22595	3.09725	9.07594	peak_417
chr17	25383672	25383935	264	25383790	210.73	81.48353	5.29328	76.52522	peak_418
chr17	25389824	25390210	387	25389901	184.29	66.47056	4.87596	61.59869	peak_419
chr17	25425587	25426036	450	25425769	13.22	5.42412	3.53149	1.79392	peak_420
chr17	25494963	25495538	576	25495191	24.79	9.29119	4.09541	5.31116	peak_421
chr17	25533209	25533829	621	25533230	33.06	7.67859	2.83799	3.80372	peak_422
chr17	25573086	25573960	875	25573521	129.74	38.20344	3.98774	33.56962	peak_423
chr17	25645273	25645627	355	25645432	31.40	21.41391	8.10077	17.03727	peak_424
chr17	25674382	25674973	592	25674426	14.88	6.17368	3.96878	2.44766	peak_425
chr17	25761774	25762304	531	25761983	14.88	7.15268	4.53133	3.31311	peak_426
chr17	25771497	25772181	685	25771600	41.32	12.05923	3.52665	7.94831	peak_427
chr17	25819798	25820103	306	25819933	14.05	7.15268	4.29545	3.31311	peak_428
chr17	25944152	25944547	396	25944224	26.44	6.01580	2.74447	2.30974	peak_429
chr17	25965848	25966338	491	25966021	33.06	5.78308	2.36984	2.10087	peak_430
chr17	26036635	26037283	649	26036759	30.58	8.10064	3.15767	4.19108	peak_431
chr17	26140667	26141097	431	26141017	76.03	12.94339	2.56663	8.80121	peak_432
chr17	26324995	26325678	684	26325209	20.66	12.37422	6.18252	8.25241	peak_433
chr17	26494033	26494780	748	26494661	87.60	37.20673	5.53738	32.58532	peak_434
chr17	26549057	26549418	362	26549135	78.51	13.08563	2.56476	8.93991	peak_435
chr17	26594724	26595096	373	26594904	495.84	84.98020	2.79122	80.00436	peak_436
chr17	26603734	26604300	567	26603914	993.33	110.14519	2.22944	105.09403	peak_437
chr17	26619525	26620106	582	26619854	610.71	45.92882	1.89383	41.20929	peak_438
chr17	26880977	26881642	666	26881415	933.00	108.02748	2.27251	102.98080	peak_439
chr17	26882290	26885856	3567	26885404	1242.90	45.32461	1.53948	40.61159	peak_440
chr17	26940190	26940687	498	26940362	99.99	7.48558	1.80360	3.62824	peak_441
chr17	43239577	43239879	303	43239721	22.31	8.40735	3.88545	4.48051	peak_442
chr17	43244794	43245364	571	43244950	20.66	7.09102	3.60999	3.27881	peak_443
chr17	43251495	43251971	477	43251715	111.56	70.39228	9.38029	65.49429	peak_444
chr17	43272273	43272966	694	43272735	48.76	18.03066	4.52340	13.73656	peak_445
chr17	43283224	43283488	265	43283302	27.27	9.35087	3.73999	5.36925	peak_446
chr17	43283863	43284194	332	43284090	23.14	7.46764	3.39747	3.61078	peak_447
chr17	43299555	43299880	326	43299743	24.79	11.80429	5.15838	7.70172	peak_448
chr17	43323326	43323584	259	43323425	13.22	5.42412	3.53149	1.79392	peak_449
chr17	49788717	49789274	558	49789122	22.31	14.28585	6.65428	10.10187	peak_450
chr17	50178263	50178568	306	50178349	19.01	11.44792	5.71075	7.35984	peak_451
chr17	75979243	75979745	503	75979455	26.44	11.25152	4.57411	7.17764	peak_452
chr17	77616295	77616605	311	77616392	36.36	29.45071	10.66430	24.93173	peak_453
chr17	78592315	78592731	417	78592588	29.75	19.36886	7.68757	15.04066	peak_454
chr17	81991541	81991960	420	81991815	23.97	15.26952	7.12605	11.05065	peak_455
chr18	106825	107563	739	107262	415.68	52.65004	2.35411	47.87064	peak_456
chr18	107901	108490	590	108276	1184.23	64.27968	1.71028	59.42261	peak_457
chr18	108888	109373	486	108902	637.98	5.29968	1.19760	1.68424	peak_458
chr18	110263	111040	778	110404	530.55	33.09194	1.77182	28.52555	peak_459
chr18	15467305	15467625	321	15467442	15.70	6.90630	4.17538	3.10890	peak_460
chr18	16632893	16633162	270	16633091	22.31	12.68394	5.82818	8.54925	peak_461
chr18	16795828	16796089	262	16796046	23.97	13.58947	6.24137	9.42384	peak_462
chr18	18289110	18289665	556	18289589	32.23	15.97543	5.53824	11.73851	peak_463
chr18	20561610	20562383	774	20561940	53.72	31.89887	7.81654	27.34623	peak_464
chr18	20582261	20582576	316	20582416	19.01	5.28566	2.85816	1.67083	peak_465
chr18	20938888	20940070	1183	20939395	32.23	17.87632	6.28315	13.58515	peak_466
chr18	23871121	23871684	564	23871402	26.44	16.40859	6.86117	12.15781	peak_467
chr18	29154377	29154645	269	29154503	22.31	10.22378	4.66254	6.19579	peak_468
chr18	48942697	48943077	381	48942830	16.53	8.79877	5.00310	4.84419	peak_469
chr18	48952172	48953006	835	48952513	38.84	31.82601	11.37195	27.27458	peak_470
chr18	49690529	49691180	652	49690620	19.83	9.42101	4.86814	5.43435	peak_471
chr18	59139480	59140082	603	59139575	30.58	22.03133	8.71405	17.64197	peak_472
chr19	659664	660009	346	659872	15.70	7.96283	4.76722	4.06508	peak_473
chr19	676767	677697	931	677463	25.62	17.28889	7.59782	13.01366	peak_474
chr19	680722	680979	258	680833	21.49	13.32049	6.41840	9.16634	peak_475
chr19	735488	735794	307	735716	14.05	6.17368	3.76219	2.44766	peak_476
chr19	3762647	3762947	301	3762711	23.97	10.92599	4.95703	6.86741	peak_477
chr19	4172466	4172719	254	4172618	14.88	7.15268	4.53133	3.31311	peak_478
chr19	6424975	6425443	469	6425200	16.53	8.79877	5.00310	4.84419	peak_479
chr19	9819086	9819692	607	9819507	23.14	13.50640	5.99388	9.34587	peak_480
chr19	12789951	12790369	419	12790221	30.58	22.61245	9.01312	18.21170	peak_481
chr19	15887290	15887959	670	15887698	16.53	5.94584	3.50559	2.24416	peak_482
chr19	18192896	18193157	262	18193016	19.83	8.38489	4.35473	4.46066	peak_483
chr19	18522233	18522615	383	18522334	28.10	12.76925	4.84958	8.63124	peak_484
chr19	24894430	24895483	1054	24894465	28.92	8.61782	3.49243	4.68138	peak_485
chr19	24930125	24931115	991	24930452	34.71	10.40071	3.57087	6.36540	peak_486
chr19	24952512	24953265	754	24952673	40.49	6.23803	2.30519	2.50810	peak_487
chr19	24954085	24955404	1320	24955081	41.32	13.97269	3.99756	9.79774	peak_488
chr19	25000081	25000341	261	25000142	14.88	6.17003	3.96674	2.44766	peak_489
chr19	25029694	25030577	884	25030259	36.36	18.58321	5.93250	14.27233	peak_490
chr19	25038634	25039481	848	25038741	25.62	7.77505	3.40762	3.89423	peak_491
chr19	25050702	25051108	407	25051054	28.10	8.61782	3.39598	4.68138	peak_492
chr19	25067489	25068226	738	25068141	29.75	8.67725	3.41670	4.73622	peak_493
chr19	25076196	25077008	813	25076489	26.44	7.74921	3.30025	3.86982	peak_494
chr19	25079956	25080562	607	25079980	41.32	8.08262	2.64499	4.17527	peak_495
chr19	25088110	25088997	888	25088739	50.41	5.02500	1.90408	1.43715	peak_496
chr19	25098218	25098651	434	25098394	33.88	9.70737	3.45990	5.70476	peak_497
chr19	25106175	25107120	946	25106917	37.19	6.33454	2.38674	2.59862	peak_498
chr19	25141013	25141388	376	25141369	23.14	7.60524	3.44844	3.73783	peak_499
chr19	25193823	25194557	735	25193959	26.44	9.52900	3.92067	5.53681	peak_500
chr19	25203731	25204293	563	25204264	33.06	6.32905	2.50159	2.59501	peak_501
chr19	25207310	25208007	698	25207778	32.23	14.65593	5.05371	10.45870	peak_502
chr19	25211306	25212096	791	25211638	34.71	17.65711	5.95144	13.37210	peak_503
chr19	25232671	25233121	451	25233074	21.49	6.40804	3.21233	2.64903	peak_504
chr19	25255679	25256205	527	25255853	29.75	7.55824	3.07503	3.69467	peak_505
chr19	25285089	25285418	330	25285247	26.44	9.40718	3.87648	5.42208	peak_506
chr19	25303070	25303536	467	25303189	32.23	10.49570	3.69216	6.45643	peak_507
chr19	25309660	25309984	325	25309678	28.10	7.02967	2.90975	3.22150	peak_508
chr19	25315446	25316097	652	25316021	22.31	8.40735	3.88545	4.48051	peak_509
chr19	25347155	25347699	545	25347234	23.14	9.01740	3.99292	5.05273	peak_510
chr19	25355653	25355969	317	25355967	21.49	5.34426	2.81079	1.71985	peak_511
chr19	25430837	25431311	475	25431076	21.49	6.40804	3.21233	2.64903	peak_512
chr19	25525737	25526112	376	25525879	22.31	10.22378	4.66254	6.19579	peak_513
chr19	25527628	25528005	378	25527807	17.35	8.38748	4.55749	4.46199	peak_514
chr19	25550337	25551266	930	25550419	32.23	10.49570	3.69216	6.45643	peak_515
chr19	25552149	25552761	613	25552414	40.49	15.88087	4.61038	11.64671	peak_516
chr19	25574944	25575303	360	25575197	19.01	5.28566	2.85816	1.67083	peak_517
chr19	25594472	25594886	415	25594547	19.01	6.40182	3.30943	2.64445	peak_518
chr19	25639409	25639745	337	25639491	15.70	7.41028	4.45399	3.55580	peak_519
chr19	25670206	25670681	476	25670520	23.97	7.21177	3.41672	3.36876	peak_520
chr19	25810583	25810887	305	25810721	14.05	6.26016	3.80826	2.52932	peak_521
chr19	25889291	25890146	856	25889974	19.83	10.08017	5.20838	6.05812	peak_522
chr19	25963595	25963853	259	25963665	42.15	11.45089	3.31894	7.36242	peak_523
chr19	25965313	25966009	697	25965523	33.88	11.02453	3.84472	6.95927	peak_524
chr19	26002072	26003677	1606	26002589	34.71	7.28108	2.74682	3.43477	peak_525
chr19	26095489	26096059	571	26095849	25.62	12.35463	5.20695	8.23521	peak_526
chr19	26147666	26147944	279	26147845	38.84	14.46717	4.42674	10.27642	peak_527
chr19	26183817	26184152	336	26184010	29.75	16.03933	6.15005	11.80035	peak_528
chr19	26189593	26190977	1385	26190119	28.10	12.76925	4.84958	8.63124	peak_529
chr19	26274024	26274342	319	26274025	14.88	5.66574	3.68778	1.99143	peak_530
chr19	26385414	26385901	488	26385736	23.97	6.41011	3.12069	2.64920	peak_531
chr19	26418106	26418573	468	26418224	58.67	14.78494	3.31523	10.58447	peak_532
chr19	26439167	26439631	465	26439457	20.66	8.19902	4.09554	4.28381	peak_533
chr19	26449391	26450292	902	26449880	26.44	15.48041	6.41296	11.25509	peak_534
chr19	26485922	26486174	253	26486047	20.66	8.71601	4.33198	4.77195	peak_535
chr19	26490015	26490285	271	26490041	16.53	7.66459	4.38198	3.79152	peak_536
chr19	26603576	26603882	307	26603795	14.05	6.44620	3.90806	2.68413	peak_537
chr19	26645197	26645964	768	26645958	21.49	5.34426	2.81079	1.71985	peak_538
chr19	26749077	26749953	877	26749147	45.45	17.66225	4.64518	13.37686	peak_539
chr19	26904228	26904785	558	26904747	19.01	7.11094	3.61079	3.29445	peak_540
chr19	26929926	26930367	442	26929944	19.83	6.08092	3.30809	2.37004	peak_541
chr19	26973343	26974456	1114	26974176	33.88	8.66882	3.17111	4.72845	peak_542
chr19	27002593	27003406	814	27002692	29.75	7.55824	3.07503	3.69467	peak_543
chr19	27019547	27019821	275	27019697	29.75	10.00074	3.84378	5.98453	peak_544
chr19	27045813	27046236	424	27046182	20.66	8.37476	4.17520	4.45219	peak_545
chr19	27054350	27054973	624	27054522	19.01	6.46191	3.33452	2.69478	peak_546
chr19	27076938	27077677	740	27077211	40.49	9.33966	2.96382	5.35863	peak_547
chr19	27078319	27078718	400	27078546	40.49	10.34495	3.19180	6.31278	peak_548
chr19	27106184	27107019	836	27106421	39.67	22.06803	6.77784	17.67793	peak_549
chr19	27137807	27138502	696	27137858	55.37	15.37348	3.52304	11.15211	peak_550
chr19	27146711	27147030	320	27146852	109.08	29.80065	3.66948	25.27559	peak_551
chr19	27156906	27157470	565	27157252	29.75	11.59223	4.39290	7.49885	peak_552
chr19	27163023	27163367	345	27163175	96.69	39.93005	5.42713	35.27348	peak_553
chr19	29695428	29696887	1460	29696207	33.06	19.68479	6.81117	15.34606	peak_554
chr19	29697176	29697434	259	29697297	17.35	9.65910	5.23898	5.65763	peak_555
chr19	36054380	36054863	484	36054743	61.15	56.96593	15.43305	52.15652	peak_556
chr19	37270914	37271188	275	37271019	48.76	14.99740	3.82749	10.79169	peak_557
chr19	38850166	38850580	415	38850285	18.18	10.54253	5.47487	6.49709	peak_558
chr19	40425744	40426029	286	40425943	28.10	20.00921	8.08618	15.66550	peak_559
chr19	41859689	41860131	443	41859965	31.40	23.72017	9.24900	19.29823	peak_560
chr19	42268523	42269175	653	42269065	25.62	16.51970	7.19543	12.26641	peak_561
chr19	42396666	42397065	400	42396832	22.31	14.28585	6.65428	10.10187	peak_562
chr19	45405177	45406618	1442	45405695	64.46	63.29062	17.34005	58.43943	peak_563
chr19	45455958	45456287	330	45456157	18.18	9.25272	4.79518	5.27533	peak_564
chr19	49640274	49640677	404	49640532	33.06	25.97512	9.72077	21.51274	peak_565
chr2	64750788	64751130	343	64751119	18.18	5.85335	3.19679	2.16072	peak_566
chr2	87395642	87399084	3443	87396069	87.60	76.43084	15.29343	71.49906	peak_567
chr2	87405976	87407830	1855	87407012	51.24	36.85189	9.87709	32.23442	peak_568
chr2	87408245	87408814	570	87408413	28.10	12.76925	4.84958	8.63124	peak_569
chr2	87409202	87411426	2225	87410394	47.93	29.66819	8.15517	25.14483	peak_570
chr2	87412054	87413842	1789	87413187	31.40	15.71676	5.61775	11.48655	peak_571
chr2	87414276	87421358	7083	87419417	66.11	44.75136	9.51322	40.04324	peak_572
chr2	87422013	87422359	347	87422201	27.27	8.74288	3.53389	4.79703	peak_573
chr2	87423374	87431378	8005	87425147	90.08	47.07642	7.00594	42.34580	peak_574
chr2	89828626	89828903	278	89828635	549.55	7.18937	1.26274	3.34767	peak_575
chr2	89829204	89829511	308	89829253	534.68	6.91590	1.26042	3.11768	peak_576
chr2	89830952	89831223	272	89830985	412.37	22.62713	1.69415	18.22630	peak_577
chr2	89832520	89833168	649	89832906	490.88	6.11232	1.25230	2.40013	peak_578
chr2	89836260	89837209	950	89836512	1623.04	60.56673	1.54966	55.73444	peak_579
chr2	89839798	89840559	762	89840335	509.06	9.58090	1.33175	5.58712	peak_580
chr2	89840823	89841125	303	89841112	261.97	5.23673	1.32812	1.63152	peak_581
chr2	90288088	90288957	870	90288194	27.27	12.00288	4.71185	7.89383	peak_582
chr2	90289220	90293034	3815	90292034	63.63	46.27383	10.69105	41.55152	peak_583
chr2	90296976	90297310	335	90297199	23.14	10.50097	4.60828	6.46160	peak_584
chr2	90297759	90298328	570	90298124	20.66	8.51002	4.23702	4.57828	peak_585
chr2	91498567	91500778	2212	91498794	46.28	26.78792	7.21801	22.31348	peak_586
chr2	91504439	91511555	7117	91508754	47.93	13.13766	3.49507	8.99015	peak_587
chr2	91511839	91512523	685	91511986	20.66	5.83711	3.09427	2.14880	peak_588
chr2	91512795	91513265	471	91513073	17.35	5.90011	3.34294	2.20360	peak_589
chr2	91513991	91522600	8610	91516511	52.89	25.17211	5.98771	20.72370	peak_590
chr2	91523147	91524272	1126	91523526	33.06	12.68071	4.25698	8.54745	peak_591
chr2	91524676	91528804	4129	91526665	35.54	13.53907	4.39337	9.37786	peak_592
chr2	92130967	92131402	436	92130987	20.66	6.06194	3.18420	2.35334	peak_593
chr2	92220680	92220951	272	92220830	12.40	5.61631	3.82368	1.94469	peak_594
chr2	92221219	92221625	407	92221380	16.53	8.79877	5.00310	4.84419	peak_595
chr2	92273318	92273746	429	92273642	14.05	7.15268	4.29545	3.31311	peak_596
chr2	92324520	92324869	350	92324596	19.83	5.28566	2.97622	1.67083	peak_597
chr2	92333092	92333519	428	92333450	15.70	6.85440	4.14709	3.06120	peak_598
chr2	92365759	92366145	387	92365849	16.53	7.66459	4.38198	3.79152	peak_599
chr2	92463412	92463790	379	92463449	13.22	6.36991	4.05957	2.61564	peak_600
chr2	92468889	92469159	271	92469019	23.97	7.60524	3.56650	3.73783	peak_601
chr2	92487290	92487632	343	92487599	17.35	8.44714	4.58858	4.51710	peak_602
chr2	92491324	92491668	345	92491641	17.35	5.26629	3.05905	1.65591	peak_603
chr2	92586345	92587402	1058	92587002	17.35	8.96478	4.86205	5.00217	peak_604
chr2	92608506	92609337	832	92608608	15.70	5.98689	3.68538	2.28286	peak_605
chr2	92637934	92638284	351	92638033	15.70	7.96283	4.76722	4.06508	peak_606
chr2	92655378	92655889	512	92655447	15.70	5.31046	3.34031	1.69154	peak_607
chr2	94502365	94502632	268	94502450	20.66	10.11248	5.00227	6.09000	peak_608
chr2	102001793	102004233	2441	102003586	50.41	43.13457	12.85255	38.44247	peak_609
chr2	202376220	202376494	275	202376334	19.83	11.23780	5.83050	7.16531	peak_610
chr2	207163751	207164006	256	207163802	32.23	18.75374	6.64589	14.43852	peak_611
chr2	219274014	219274589	576	219274285	29.75	19.36886	7.68757	15.04066	peak_612
chr2	240586398	240586668	271	240586604	16.53	8.79877	5.00310	4.84419	peak_613
chr2	241315434	241315695	262	241315525	14.05	7.05570	4.24151	3.24584	peak_614
chr2	241355627	241355987	361	241355759	18.18	10.54253	5.47487	6.49709	peak_615
chr20	23350225	23350761	537	23350385	31.40	17.49855	6.33854	13.21701	peak_616
chr20	26603837	26604321	485	26603850	64.46	6.69624	1.98360	2.91150	peak_617
chr20	26605179	26605861	683	26605753	90.08	16.87541	2.75992	12.61259	peak_618
chr20	26606891	26607836	946	26607138	95.04	17.55423	2.74387	13.27147	peak_619
chr20	28494700	28498076	3377	28495518	174.37	92.62351	7.62477	87.61683	peak_620
chr20	28498418	28498691	274	28498646	34.71	10.40071	3.57087	6.36540	peak_621
chr20	28644670	28645029	360	28644692	43.80	5.93243	2.19333	2.23391	peak_622
chr20	29176511	29176960	450	29176701	22.31	6.62550	3.19053	2.84514	peak_623
chr20	29177887	29178305	419	29177931	17.35	7.57348	4.14232	3.70947	peak_624
chr20	29184306	29184621	316	29184322	27.27	6.51537	2.82711	2.74529	peak_625
chr20	31054101	31054729	629	31054711	355.35	8.51459	1.38120	4.58248	peak_626
chr20	31060275	31061172	898	31060305	341.30	31.38901	2.02545	26.84445	peak_627
chr20	31063117	31063927	811	31063142	324.77	13.15056	1.55130	9.00278	peak_628
chr20	31106169	31106702	534	31106659	35.54	8.86057	3.08370	4.90437	peak_629
chr20	31157406	31158303	898	31157846	293.37	11.52328	1.53318	7.43261	peak_630
chr20	31185559	31186013	455	31185829	276.02	19.18840	1.81056	14.86543	peak_631
chr20	31186633	31187241	609	31186641	199.16	9.92804	1.61421	5.91518	peak_632
chr20	31985835	31986822	988	31985948	24.79	6.96909	3.22399	3.16637	peak_633
chr20	31987102	31988120	1019	31987855	71.90	68.05260	17.03363	63.17110	peak_634
chr20	48664812	48665477	666	48665341	23.14	7.60524	3.44844	3.73783	peak_635
chr20	57693115	57693403	289	57693198	15.70	6.44356	3.92577	2.68197	peak_636
chr20	57748709	57749025	317	57748835	23.97	13.13322	6.01082	8.98601	peak_637
chr20	64287079	64287357	279	64287193	34.71	11.77222	3.96763	7.67233	peak_638
chr21	7926148	7927313	1166	7926414	2549.43	180.73454	1.87256	175.57707	peak_639
chr21	7933191	7933832	642	7933807	138.83	14.45528	2.08708	10.26571	peak_640
chr21	8209692	8210048	357	8210024	138.01	5.75071	1.51096	2.07118	peak_641
chr21	8210979	8211438	460	8211195	163.63	14.10947	1.93678	9.93156	peak_642
chr21	8212503	8212811	309	8212680	109.91	15.04457	2.35980	10.83776	peak_643
chr21	8213934	8214240	307	8214144	163.63	24.88603	2.53272	20.44215	peak_644
chr21	8215326	8215838	513	8215704	136.36	10.42340	1.83141	6.38771	peak_645
chr21	8256709	8257021	313	8256902	91.73	11.83534	2.26171	7.73218	peak_646
chr21	8392754	8393100	347	8393024	140.49	9.95310	1.78635	5.93937	peak_647
chr21	8394055	8394442	388	8394237	173.54	17.65746	2.07790	13.37241	peak_648
chr21	8395521	8395856	336	8395722	114.04	20.08696	2.69574	15.74211	peak_649
chr21	8398359	8398823	465	8398716	133.88	12.40835	1.98347	8.28608	peak_650
chr21	8438284	8438686	403	8438452	170.24	18.13905	2.11405	13.84335	peak_651
chr21	8441182	8441534	353	8441321	219.00	41.61472	2.93327	36.93985	peak_652
chr21	8443585	8443932	348	8443638	94.21	5.00264	1.58682	1.41615	peak_653
chr21	8445511	8445775	265	8445662	123.13	13.04799	2.07650	8.90285	peak_654
chr21	10668217	10668994	778	10668984	81.81	15.99290	2.85563	11.75546	peak_655
chr21	37267634	37267942	309	37267758	14.88	7.15268	4.53133	3.31311	peak_656
chr21	42267323	42267767	445	42267525	21.49	11.72143	5.58349	7.62377	peak_657
chr21	46293470	46294096	627	46293510	19.01	6.46191	3.33452	2.69478	peak_658
chr22	11814440	11814866	427	11814813	153.71	11.29629	1.82011	7.22112	peak_659
chr22	11817520	11817871	352	11817707	159.49	21.36685	2.36021	16.99125	peak_660
chr22	12175773	12176931	1159	12176324	294.20	15.73527	1.66778	11.50465	peak_661
chr22	16352976	16353725	750	16353315	137.18	15.99469	2.18256	11.75722	peak_662
chr22	16558558	16560156	1599	16559238	38.01	14.46717	4.33492	10.27642	peak_663
chr22	16560661	16561339	679	16561029	28.10	20.34982	8.25990	15.99856	peak_664
chr22	16563097	16564947	1851	16563993	21.49	11.18810	5.31703	7.11668	peak_665
chr22	16565556	16566237	682	16565556	21.49	5.34426	2.81079	1.71985	peak_666
chr22	16566856	16567935	1080	16567328	47.10	21.14286	5.34496	16.77306	peak_667
chr22	20338337	20338771	435	20338425	20.66	7.09102	3.60999	3.27881	peak_668
chr22	31081219	31081930	712	31081516	22.31	14.28585	6.65428	10.10187	peak_669
chr22	37905414	37905759	346	37905673	16.53	7.66459	4.38198	3.79152	peak_670
chr22	40498828	40499081	254	40498957	14.05	7.15268	4.29545	3.31311	peak_671
chr22	40636853	40637164	312	40636971	14.88	7.15268	4.53133	3.31311	peak_672
chr22	50807911	50808464	554	50808041	490.05	361.28421	13.27171	355.79886	peak_673
chr3	4978813	4979283	471	4979033	19.01	10.59664	5.26470	6.55017	peak_674
chr3	14948179	14948450	272	14948404	14.05	7.15268	4.29545	3.31311	peak_675
chr3	42515389	42515781	393	42515586	38.01	31.82601	11.13606	27.27458	peak_676
chr3	46976252	46976687	436	46976329	14.05	5.70554	3.51642	2.02763	peak_677
chr3	48595450	48595980	531	48595752	47.10	43.02882	13.73078	38.33741	peak_678
chr3	49021645	49021989	345	49021794	30.58	21.33969	8.36465	16.96485	peak_679
chr3	52154496	52154758	263	52154646	19.01	11.44792	5.71075	7.35984	peak_680
chr3	72338868	72339463	596	72339225	33.06	19.68479	6.81117	15.34606	peak_681
chr3	88058764	88059230	467	88059181	14.88	7.15268	4.53133	3.31311	peak_682
chr3	91241454	91242036	583	91241915	19.01	7.99138	4.00142	4.08833	peak_683
chr3	91278691	91278990	300	91278732	15.70	6.40009	3.90263	2.64413	peak_684
chr3	91283503	91284246	744	91283815	17.35	7.86457	4.28883	3.97969	peak_685
chr3	91545125	91545436	312	91545331	20.66	9.03327	4.48022	5.06816	peak_686
chr3	91549136	91551184	2049	91550654	100.82	67.46440	10.18204	62.58714	peak_687
chr3	91552745	91553249	505	91553056	51.24	18.43098	4.35305	14.12392	peak_688
chr3	93706277	93707329	1053	93706567	50.41	34.60874	9.27825	30.02085	peak_689
chr3	93707779	93708780	1002	93708157	42.15	19.83741	5.52349	15.49629	peak_690
chr3	93709151	93709933	783	93709735	32.23	18.75374	6.64589	14.43852	peak_691
chr3	93710193	93713532	3340	93712523	57.02	35.79768	8.28876	31.19436	peak_692
chr3	138078870	138079153	284	138078886	13.22	6.36991	4.05957	2.61564	peak_693
chr3	143971778	143972041	264	143971828	14.05	6.17368	3.76219	2.44766	peak_694
chr3	146161253	146161802	550	146161357	20.66	12.37422	6.18252	8.25241	peak_695
chr3	153160893	153161335	443	153161001	19.83	11.44792	5.94663	7.35984	peak_696
chr3	159763418	159764440	1023	159764271	33.06	25.97512	9.72077	21.51274	peak_697
chr3	159765302	159765789	488	159765491	21.49	9.46042	4.49726	5.47045	peak_698
chr3	168095392	168095970	579	168095784	19.83	11.44792	5.94663	7.35984	peak_699
chr3	170222080	170222341	262	170222330	14.88	6.17368	3.96878	2.44766	peak_700
chr3	170357183	170357437	255	170357316	38.84	31.82601	11.37195	27.27458	peak_701
chr3	179562697	179563619	923	179563010	26.44	18.32329	7.83370	14.02179	peak_702
chr3	183017868	183018377	510	183018122	24.79	11.80429	5.15838	7.70172	peak_703
chr3	184753187	184753749	563	184753276	18.18	10.54253	5.47487	6.49709	peak_704
chr3	190076874	190077136	263	190077084	19.01	9.42101	4.67504	5.43435	peak_705
chr3	194003369	194003820	452	194003549	19.83	11.44792	5.94663	7.35984	peak_706
chr3	195478577	195479324	748	195479231	25.62	12.62006	5.32366	8.49013	peak_707
chr3	195481277	195481786	510	195481466	17.35	9.21317	4.99559	5.23937	peak_708
chr3	195493942	195494740	799	195494089	23.14	9.01740	3.99292	5.05273	peak_709
chr3	195495032	195495328	297	195495186	14.88	5.82725	3.77631	2.14221	peak_710
chr3	195713493	195713772	280	195713562	20.66	7.16999	3.64365	3.32990	peak_711
chr3	195775603	195777231	1629	195776459	22.31	8.40735	3.88545	4.48051	peak_712
chr3	195784421	195784836	416	195784810	19.83	10.08017	5.20838	6.05812	peak_713
chr3	195944292	195944671	380	195944516	19.83	6.46191	3.47225	2.69478	peak_714
chr3	197437037	197438555	1519	197437380	38.01	21.16345	6.50237	16.79236	peak_715
chr3	197642894	197643193	300	197642940	14.05	6.59104	3.98641	2.81532	peak_716
chr3	198173268	198173768	501	198173441	23.14	7.60524	3.44844	3.73783	peak_717
chr4	1428577	1428958	382	1428581	16.53	5.94584	3.50559	2.24416	peak_718
chr4	1551774	1552242	469	1552177	15.70	7.96283	4.76722	4.06508	peak_719
chr4	2262149	2262429	281	2262251	25.62	17.28889	7.59782	13.01366	peak_720
chr4	48340939	48341354	416	48341095	23.97	14.30867	6.61335	10.12338	peak_721
chr4	49091407	49093740	2334	49092797	562.78	66.85745	2.29177	61.98331	peak_722
chr4	49094215	49095018	804	49094597	340.48	23.41359	1.81636	18.99969	peak_723
chr4	49096185	49096449	265	49096193	275.19	5.11191	1.30896	1.51746	peak_724
chr4	49096800	49099111	2312	49096833	556.99	39.88429	1.85997	35.22824	peak_725
chr4	49099387	49099723	337	49099694	335.52	8.01276	1.37917	4.10936	peak_726
chr4	49102541	49103427	887	49102850	575.17	31.07680	1.69462	26.53611	peak_727
chr4	49108958	49109245	288	49109035	331.38	5.78519	1.30347	2.10297	peak_728
chr4	49109502	49110609	1108	49109753	637.98	26.60268	1.58163	22.13118	peak_729
chr4	49116890	49121188	4299	49118955	879.29	36.71850	1.58610	32.10239	peak_730
chr4	49122690	49123930	1241	49123643	428.90	14.68316	1.49791	10.48497	peak_731
chr4	49126606	49127098	493	49126930	238.83	35.26016	2.52451	30.66348	peak_732
chr4	49129733	49130779	1047	49130464	261.14	25.37715	2.05780	20.92627	peak_733
chr4	49134441	49134918	478	49134750	209.08	28.27929	2.38725	23.78124	peak_734
chr4	49136454	49138001	1548	49137249	540.46	62.85548	2.26554	58.00725	peak_735
chr4	49138984	49139530	547	49139456	230.56	9.12990	1.52739	5.16038	peak_736
chr4	49139872	49140433	562	49139996	228.91	12.55827	1.67540	8.43191	peak_737
chr4	49144125	49145353	1229	49144760	928.87	60.81053	1.81261	55.97733	peak_738
chr4	49148955	49150569	1615	49149471	2058.55	389.13776	3.00149	383.58206	peak_739
chr4	49153219	49156043	2825	49154488	930.52	100.49245	2.20218	95.46457	peak_740
chr4	49323124	49323665	542	49323522	93.38	7.72861	1.85064	3.85230	peak_741
chr4	49513473	49513812	340	49513538	126.44	14.45279	2.15998	10.26328	peak_742
chr4	49633415	49635553	2139	49634353	488.40	42.68168	1.99755	37.99473	peak_743
chr4	49637122	49638123	1002	49637621	414.02	52.87016	2.35809	48.08921	peak_744
chr4	49639130	49640165	1036	49639442	493.36	10.23383	1.35441	6.20522	peak_745
chr4	49644647	49645048	402	49644679	267.75	8.61306	1.46061	4.67706	peak_746
chr4	49650789	49652214	1426	49651471	380.97	26.36706	1.82760	21.89940	peak_747
chr4	49709404	49710124	721	49710099	2547.78	25.23687	1.23968	20.78737	peak_748
chr4	49710420	49711731	1312	49711010	1755.27	61.40771	1.52719	56.57044	peak_749
chr4	57119045	57119569	525	57119461	44.63	39.20679	13.02313	34.56036	peak_750
chr4	189848625	189849286	662	189848903	36.36	8.25800	2.87396	4.33982	peak_751
chr4	190022325	190022622	298	190022510	88.42	10.22513	2.12915	6.19711	peak_752
chr4	190122723	190123072	350	190122854	326.43	145.59952	6.29667	140.47879	peak_753
chr4	190178237	190178554	318	190178395	622.28	11.58301	1.33464	7.49046	peak_754
chr4	190179227	190179865	639	190179567	1305.71	67.54946	1.68825	62.67131	peak_755
chr4	190181085	190181583	499	190181137	210.73	13.39774	1.74984	9.24137	peak_756
chr5	10060	11776	1717	10954	790.04	633.81689	15.75973	627.87225	peak_757
chr5	552598	553112	515	552895	16.53	5.94584	3.50559	2.24416	peak_758
chr5	1327161	1328911	1751	1328062	185.94	232.62930	37.38784	227.40965	peak_759
chr5	2146213	2146778	566	2146471	34.71	7.28108	2.74682	3.43477	peak_760
chr5	28239837	28240571	735	28240154	24.79	14.51252	6.44797	10.31929	peak_761
chr5	47064014	47064497	484	47064130	19.01	10.08017	5.00178	6.05812	peak_762
chr5	47308646	47308964	319	47308793	33.06	16.69543	5.63328	12.43746	peak_763
chr5	47330561	47331475	915	47330908	36.36	10.35042	3.39649	6.31787	peak_764
chr5	47359335	47359890	556	47359712	37.19	14.51051	4.45692	10.31859	peak_765
chr5	47430295	47431049	755	47430740	31.40	11.31445	4.05038	7.23819	peak_766
chr5	47451050	47451816	767	47451553	27.27	6.92549	2.95188	3.12695	peak_767
chr5	47463157	47463630	474	47463160	23.97	6.41011	3.12069	2.64920	peak_768
chr5	47468061	47468660	600	47468165	34.71	9.11789	3.21962	5.14869	peak_769
chr5	47476453	47476731	279	47476666	25.62	7.54460	3.32729	3.68175	peak_770
chr5	47500583	47500995	413	47500951	30.58	5.47216	2.42897	1.83303	peak_771
chr5	47507661	47508225	565	47507944	31.40	9.78085	3.57146	5.77516	peak_772
chr5	47536409	47536675	267	47536604	26.44	8.05623	3.40350	4.15007	peak_773
chr5	47553094	47553523	430	47553515	20.66	5.01111	2.77286	1.42386	peak_774
chr5	47604219	47605377	1159	47604951	36.36	9.23779	3.11345	5.26244	peak_775
chr5	47607877	47608396	520	47608273	28.10	9.36461	3.63719	5.38129	peak_776
chr5	47656158	47656839	682	47656708	29.75	11.07038	4.20842	7.00353	peak_777
chr5	47677830	47678324	495	47678098	22.31	6.99767	3.33039	3.19234	peak_778
chr5	47694858	47695110	253	47694959	37.19	5.10170	2.12155	1.50768	peak_779
chr5	47695600	47696195	596	47695821	42.15	12.52766	3.56579	8.40171	peak_780
chr5	47700407	47701294	888	47700927	24.79	10.31040	4.51102	6.27957	peak_781
chr5	47735121	47736040	920	47735385	35.54	11.00655	3.65350	6.94204	peak_782
chr5	47756366	47756747	382	47756461	19.83	5.28566	2.97622	1.67083	peak_783
chr5	47842912	47843167	256	47842940	20.66	5.83711	3.09427	2.14880	peak_784
chr5	47950948	47951322	375	47950959	28.10	7.02967	2.90975	3.22150	peak_785
chr5	48070946	48071281	336	48071118	38.84	6.75587	2.49004	2.96775	peak_786
chr5	48272728	48273071	344	48272905	29.75	16.67188	6.42758	12.41527	peak_787
chr5	48331771	48332509	739	48331944	27.27	7.53378	3.14123	3.67206	peak_788
chr5	48354130	48354831	702	48354510	29.75	5.77257	2.56252	2.09172	peak_789
chr5	48364091	48364439	349	48364138	54.54	10.84576	2.77711	6.79179	peak_790
chr5	48365213	48366315	1103	48365809	28.92	7.02967	2.99239	3.22150	peak_791
chr5	48410810	48411601	792	48411362	17.35	5.26629	3.05905	1.65591	peak_792
chr5	48478625	48479033	409	48478721	14.05	7.11036	4.27188	3.29445	peak_793
chr5	48494522	48494933	412	48494905	17.35	6.66645	3.69994	2.88431	peak_794
chr5	48512643	48513007	365	48512681	18.18	7.22757	3.80843	3.38286	peak_795
chr5	48590583	48590921	339	48590611	22.31	5.86828	2.91409	2.17390	peak_796
chr5	48717633	48718181	549	48717637	22.31	5.86828	2.91409	2.17390	peak_797
chr5	48720485	48720939	455	48720652	19.83	8.88078	4.59715	4.92174	peak_798
chr5	48732153	48732701	549	48732503	25.62	6.44960	2.95759	2.68676	peak_799
chr5	48776021	48776962	942	48776045	28.92	10.88986	4.27484	6.83310	peak_800
chr5	48786339	48786913	575	48786786	28.10	10.00051	3.84932	5.98453	peak_801
chr5	48804906	48805705	800	48805301	25.62	12.53294	5.28520	8.40677	peak_802
chr5	48818681	48819073	393	48818718	68.59	14.99801	3.02569	10.79227	peak_803
chr5	48860286	48860583	298	48860468	17.35	7.34258	4.02766	3.49160	peak_804
chr5	48982693	48983088	396	48983032	19.83	7.50427	3.93928	3.64508	peak_805
chr5	49026865	49027116	252	49026999	27.27	12.98271	5.10222	8.83957	peak_806
chr5	49048827	49049260	434	49048848	15.70	5.79388	3.58558	2.11079	peak_807
chr5	49149593	49150223	631	49149626	36.36	6.61607	2.49076	2.83688	peak_808
chr5	49226976	49227622	647	49227005	40.49	8.43960	2.76623	4.51156	peak_809
chr5	49243204	49243702	499	49243438	28.10	5.32932	2.42479	1.70657	peak_810
chr5	49317699	49318667	969	49317822	22.31	5.86828	2.91409	2.17390	peak_811
chr5	49368349	49369127	779	49368376	30.58	14.34508	5.26278	10.15851	peak_812
chr5	49403187	49403832	646	49403735	28.92	12.76925	4.98731	8.63124	peak_813
chr5	49409490	49409747	258	49409536	23.14	6.34190	2.99356	2.60538	peak_814
chr5	49419218	49419666	449	49419379	31.40	5.20724	2.31450	1.60621	peak_815
chr5	49446232	49446548	317	49446338	22.31	8.40735	3.88545	4.48051	peak_816
chr5	49477706	49477996	291	49477902	37.19	8.42507	2.85807	4.49787	peak_817
chr5	49492366	49492756	391	49492454	33.88	16.81004	5.81371	12.54815	peak_818
chr5	49500332	49500762	431	49500336	17.35	6.60524	3.67087	2.82637	peak_819
chr5	49506719	49507529	811	49506719	39.67	5.27274	2.14037	1.66196	peak_820
chr5	49538215	49539206	992	49538342	39.67	19.32295	5.80958	14.99612	peak_821
chr5	49547879	49548156	278	49548036	22.31	9.50343	4.34587	5.51233	peak_822
chr5	49557698	49558007	310	49557753	24.79	5.93100	2.86577	2.23249	peak_823
chr5	49601604	49602889	1286	49602057	2955.19	224.74554	1.92085	219.53880	peak_824
chr5	49609749	49618606	8858	49615523	147.92	83.63162	8.27361	78.66183	peak_825
chr5	49621679	49625144	3466	49622717	87.60	35.16862	5.21165	30.57288	peak_826
chr5	49625405	49627148	1744	49626903	152.88	120.61621	13.98940	115.54031	peak_827
chr5	49630765	49632180	1416	49630957	342.13	265.19580	14.29701	259.91287	peak_828
chr5	49632696	49633708	1013	49633538	42.15	19.83741	5.52349	15.49629	peak_829
chr5	49642242	49646465	4224	49646032	191.72	108.30702	8.37930	103.25996	peak_830
chr5	49657025	49661804	4780	49658674	2990.73	101.35281	1.52019	96.32232	peak_831
chr5	49666190	49667198	1009	49666226	1555.28	55.75612	1.53479	50.95442	peak_832
chr5	50133447	50134128	682	50134022	17.35	7.62091	4.16604	3.75170	peak_833
chr5	50137521	50138323	803	50137688	23.14	9.90707	4.35650	5.89485	peak_834
chr5	50143085	50143688	604	50143648	20.66	7.09102	3.60999	3.27881	peak_835
chr5	95961849	95962371	523	95962059	27.27	14.29954	5.65422	10.11479	peak_836
chr5	134005061	134005609	549	134005146	20.66	12.37422	6.18252	8.25241	peak_837
chr5	136020583	136021121	539	136020844	23.97	9.09299	4.16092	5.12407	peak_838
chr5	140107582	140108060	479	140107917	23.97	15.26952	7.12605	11.05065	peak_839
chr5	177494437	177495047	611	177494860	19.83	7.92762	4.13660	4.03824	peak_840
chr6	371509	371860	352	371600	34.71	8.18652	2.97572	4.27220	peak_841
chr6	1053660	1054124	465	1053781	35.54	21.58403	7.30701	17.20277	peak_842
chr6	30717412	30717694	283	30717601	38.84	28.97095	9.96016	24.46130	peak_843
chr6	30742650	30742944	295	30742706	12.40	5.58058	3.80271	1.93153	peak_844
chr6	31620099	31620813	715	31620305	19.01	7.99138	4.00142	4.08833	peak_845
chr6	43059505	43060226	722	43059783	47.10	42.87671	13.65545	38.18774	peak_846
chr6	43174375	43174755	381	43174528	24.79	15.26540	6.83226	11.05050	peak_847
chr6	44058912	44059256	345	44059187	17.35	8.72673	4.73547	4.78230	peak_848
chr6	52503942	52504595	654	52504346	28.92	20.43859	8.54135	16.08220	peak_849
chr6	58450595	58450984	390	58450778	178.50	32.13989	2.80471	27.58509	peak_850
chr6	58581335	58581645	311	58581519	135.53	16.54409	2.23818	12.29000	peak_851
chr6	58793359	58793706	348	58793537	311.55	45.47425	2.52058	40.75951	peak_852
chr6	58821568	58821825	258	58821606	22.31	6.33729	3.08405	2.60108	peak_853
chr6	59074281	59074563	283	59074453	33.06	14.53762	4.86512	10.34284	peak_854
chr6	59163071	59163434	364	59163278	321.47	98.02763	4.24300	93.00558	peak_855
chr6	59259344	59259829	486	59259604	142.14	39.27338	3.76685	34.62628	peak_856
chr6	59276107	59276498	392	59276298	100.82	40.92497	5.35897	36.25662	peak_857
chr6	59386075	59386425	351	59386258	101.65	27.57827	3.66596	23.09060	peak_858
chr6	59446823	59447332	510	59447202	24.79	8.23007	3.68456	4.31308	peak_859
chr6	59537780	59538062	283	59537929	111.56	23.45841	3.04226	19.04396	peak_860
chr6	59566177	59566472	296	59566429	251.22	56.19718	3.27564	51.39248	peak_861
chr6	59586825	59587164	340	59586971	153.71	35.25035	3.29170	30.65375	peak_862
chr6	59764473	59764941	469	59764694	322.29	47.26037	2.52574	42.52875	peak_863
chr6	60230270	60231146	877	60230348	27.27	5.64714	2.57010	1.97344	peak_864
chr6	116571347	116571750	404	116571499	32.23	22.45657	8.30737	18.06054	peak_865
chr6	157310669	157312526	1858	157310879	82.64	6.22711	1.77957	2.49838	peak_866
chr6	170376990	170377746	757	170377339	122.31	63.86648	7.25333	59.01194	peak_867
chr7	1272097	1273069	973	1272338	179.33	107.33079	9.01640	102.28553	peak_868
chr7	6081222	6081485	264	6081355	16.53	7.66459	4.38198	3.79152	peak_869
chr7	6104431	6104796	366	6104708	30.58	22.61245	9.01312	18.21170	peak_870
chr7	26176645	26176955	311	26176869	15.70	7.96283	4.76722	4.06508	peak_871
chr7	55887241	55887630	390	55887543	15.70	7.96283	4.76722	4.06508	peak_872
chr7	58037138	58037405	268	58037168	30.58	6.56618	2.72318	2.79342	peak_873
chr7	58319629	58320530	902	58320352	20.66	9.65886	4.77950	5.65763	peak_874
chr7	58408044	58408371	328	58408085	13.22	6.36991	4.05957	2.61564	peak_875
chr7	58497217	58497723	507	58497606	13.22	5.71900	3.69345	2.04045	peak_876
chr7	58732650	58733729	1080	58733314	17.35	9.65910	5.23898	5.65763	peak_877
chr7	58797675	58797981	307	58797854	69.42	19.90033	3.70617	15.55828	peak_878
chr7	58832503	58832953	451	58832695	28.92	18.94779	7.77103	14.62939	peak_879
chr7	58959287	58959735	449	58959408	19.83	8.88077	4.59715	4.92174	peak_880
chr7	59209271	59209683	413	59209504	14.05	5.70553	3.51642	2.02763	peak_881
chr7	59292477	59293260	784	59292510	62.81	12.09792	2.77418	7.98641	peak_882
chr7	59389288	59389572	285	59389556	19.01	5.77965	3.05451	2.09750	peak_883
chr7	59404664	59405249	586	59405247	15.70	5.31046	3.34031	1.69154	peak_884
chr7	59561879	59562180	302	59562174	14.88	7.05570	4.47443	3.24584	peak_885
chr7	59808376	59808660	285	59808577	24.79	13.09674	5.75534	8.95041	peak_886
chr7	59908261	59908821	561	59908330	19.01	5.28566	2.85816	1.67083	peak_887
chr7	59995736	59996017	282	59995762	64.46	10.70313	2.51765	6.65286	peak_888
chr7	60059108	60059442	335	60059376	17.35	5.26629	3.05905	1.65591	peak_889
chr7	60185452	60185777	326	60185501	18.18	9.13101	4.73304	5.16142	peak_890
chr7	60218038	60218787	750	60218569	19.01	10.80353	5.37167	6.75046	peak_891
chr7	60288556	60288945	390	60288867	16.53	7.60881	4.35229	3.73995	peak_892
chr7	60332360	60332877	518	60332361	22.31	5.86828	2.91409	2.17390	peak_893
chr7	60401057	60401336	280	60401267	29.75	10.00074	3.84378	5.98453	peak_894
chr7	60494378	60494821	444	60494504	18.18	9.18916	4.76269	5.21593	peak_895
chr7	76294423	76294764	342	76294537	79.33	88.04571	22.93023	83.05646	peak_896
chr7	100958220	100958731	512	100958250	67.76	8.18980	2.14889	4.27542	peak_897
chr7	101126318	101127053	736	101126652	43.80	37.95156	12.78725	33.31991	peak_898
chr7	118057531	118057835	305	118057627	20.66	10.92847	5.41498	6.86873	peak_899
chr7	149028498	149028806	309	149028576	21.49	11.79668	5.62158	7.69519	peak_900
chr7	156265285	156265945	661	156265477	18.18	10.54253	5.47487	6.49709	peak_901
chr7	158147687	158148652	966	158147863	57.85	13.31262	3.11175	9.16056	peak_902
chr7	158337324	158337992	669	158337551	23.14	9.90707	4.35650	5.89485	peak_903
chr7	159089085	159089348	264	159089296	14.88	6.12565	3.94189	2.40840	peak_904
chr8	629736	630954	1219	630725	28.92	18.84738	7.72045	14.53041	peak_905
chr8	669050	669573	524	669395	21.49	9.90159	4.70021	5.88983	peak_906
chr8	977976	978403	428	978032	15.70	7.96283	4.76722	4.06508	peak_907
chr8	1839114	1840161	1048	1839210	25.62	10.51570	4.43638	6.47501	peak_908
chr8	42896216	42896686	471	42896559	16.53	8.79877	5.00310	4.84419	peak_909
chr8	43237989	43238606	618	43237991	578.48	5.18951	1.20474	1.58988	peak_910
chr8	44213359	44213696	338	44213542	15.70	5.31046	3.34031	1.69154	peak_911
chr8	44860587	44860990	404	44860671	14.05	5.70554	3.51642	2.02763	peak_912
chr8	45526864	45527273	410	45527001	23.14	11.49423	5.04568	7.40424	peak_913
chr8	85714323	85715045	723	85714479	35.54	14.09659	4.56688	9.91877	peak_914
chr8	85716658	85716913	256	85716844	29.75	6.74536	2.83708	2.95772	peak_915
chr8	85735260	85735646	387	85735608	42.97	7.04633	2.44292	3.23760	peak_916
chr8	85736974	85737613	640	85737535	41.32	8.74413	2.78364	4.79773	peak_917
chr8	85773668	85774355	688	85774130	68.59	11.69220	2.57744	7.59595	peak_918
chr8	102238992	102239622	631	102239251	40.49	33.62212	11.53100	29.04905	peak_919
chr8	102653754	102654897	1144	102654682	21.49	11.72143	5.58349	7.62377	peak_920
chr8	102655404	102656032	629	102655638	31.40	21.29953	8.04588	16.92528	peak_921
chr8	102745293	102745630	338	102745415	27.27	14.81389	5.87837	10.61295	peak_922
chr8	103414858	103415376	519	103414957	28.92	12.67417	4.94979	8.54230	peak_923
chr8	124856800	124857112	313	124856875	37.19	9.78053	3.18232	5.77492	peak_924
chr8	130262919	130263210	292	130262993	16.53	8.79877	5.00310	4.84419	peak_925
chr8	133297705	133298055	351	133297911	26.44	16.31379	6.81468	12.06512	peak_926
chr8	134498768	134499040	273	134498964	15.70	7.96283	4.76722	4.06508	peak_927
chr8	138206305	138206888	584	138206347	26.44	9.52900	3.92067	5.53681	peak_928
chr8	138830919	138831206	288	138831029	17.35	9.65910	5.23898	5.65763	peak_929
chr8	141445526	141446179	654	141445782	19.01	10.01272	4.96789	5.99516	peak_930
chr8	141492285	141493116	832	141492368	66.94	23.75180	4.52921	19.32934	peak_931
chr8	141550157	141551468	1312	141550997	58.67	41.03654	9.94569	36.36659	peak_932
chr8	142081660	142083343	1684	142082928	35.54	24.38526	8.53710	19.95255	peak_933
chr8	142676691	142677088	398	142676742	14.05	7.15268	4.29545	3.31311	peak_934
chr8	142936937	142937275	339	142937094	17.35	8.44714	4.58858	4.51710	peak_935
chr8	143167071	143167323	253	143167108	13.22	5.42412	3.53149	1.79392	peak_936
chr8	143368357	143368646	290	143368432	14.05	7.15268	4.29545	3.31311	peak_937
chr8	143635635	143635956	322	143635718	18.18	7.28745	3.83614	3.43853	peak_938
chr8	143939741	143940615	875	143940441	28.10	20.43859	8.30547	16.08220	peak_939
chr8	143942038	143943134	1097	143942464	21.49	9.46042	4.49726	5.47045	peak_940
chr8	144103950	144104425	476	144104203	17.35	9.65910	5.23898	5.65763	peak_941
chr8	144557030	144557540	511	144557183	18.18	10.54253	5.47487	6.49709	peak_942
chr8	144634300	144634791	492	144634505	25.62	16.90787	7.39721	12.64394	peak_943
chr8	144767486	144768666	1181	144767902	799.95	1659.14685	228.62042	1649.65723	peak_944
chr8	144786697	144787681	985	144787382	33.88	25.20235	9.55972	20.75338	peak_945
chr9	5432997	5433296	300	5433057	18.18	10.54253	5.47487	6.49709	peak_946
chr9	24574659	24574919	261	24574782	37.19	23.53056	7.63757	19.11292	peak_947
chr9	37465515	37465944	430	37465693	27.27	12.00288	4.71185	7.89383	peak_948
chr9	43398885	43399333	449	43398941	17.35	7.76577	4.23886	3.88534	peak_949
chr9	43433147	43433617	471	43433338	18.18	7.22757	3.80843	3.38286	peak_950
chr9	43482197	43482455	259	43482276	24.79	11.55077	5.04530	7.45892	peak_951
chr9	43512061	43512443	383	43512182	28.10	11.68418	4.44234	7.58803	peak_952
chr9	43610883	43611182	300	43610994	19.01	8.01622	4.01272	4.11178	peak_953
chr9	43614504	43614895	392	43614763	19.83	7.11094	3.75993	3.29445	peak_954
chr9	43797779	43798082	304	43797998	17.35	8.49830	4.61531	4.56693	peak_955
chr9	44043628	44044299	672	44043703	19.01	6.77991	3.46865	2.99143	peak_956
chr9	44070094	44070405	312	44070307	15.70	6.85440	4.14709	3.06120	peak_957
chr9	44137213	44138022	810	44137897	23.97	9.44780	4.30944	5.45983	peak_958
chr9	44191139	44191660	522	44191554	19.83	5.28566	2.97622	1.67083	peak_959
chr9	44198221	44198487	267	44198423	22.31	8.40735	3.88545	4.48051	peak_960
chr9	44217555	44217829	275	44217709	17.35	7.62091	4.16604	3.75170	peak_961
chr9	44307892	44308153	262	44308046	19.83	8.38489	4.35473	4.46066	peak_962
chr9	44351278	44351623	346	44351478	17.35	6.60524	3.67087	2.82637	peak_963
chr9	44430035	44430396	362	44430135	27.27	8.74288	3.53389	4.79703	peak_964
chr9	44450794	44451287	494	44451157	16.53	5.94584	3.50559	2.24416	peak_965
chr9	44457647	44458310	664	44458116	17.35	9.08764	4.92792	5.12119	peak_966
chr9	44509170	44509472	303	44509342	14.88	5.78628	3.75378	2.10352	peak_967
chr9	44782924	44784201	1278	44784126	19.83	7.11094	3.75993	3.29445	peak_968
chr9	44790380	44790632	253	44790624	24.79	5.06283	2.57919	1.47055	peak_969
chr9	44802357	44802721	365	44802493	23.14	9.01740	3.99292	5.05273	peak_970
chr9	44812313	44812829	517	44812627	15.70	5.83181	3.60510	2.14614	peak_971
chr9	44847891	44848211	321	44847911	19.01	5.28566	2.85816	1.67083	peak_972
chr9	44893274	44893547	274	44893442	14.88	6.03825	3.89312	2.33105	peak_973
chr9	44970008	44970384	377	44970279	14.05	7.15268	4.29545	3.31311	peak_974
chr9	44984417	44985266	850	44985133	30.58	19.02681	7.25026	14.70699	peak_975
chr9	44989631	44990153	523	44989975	14.05	5.70554	3.51642	2.02763	peak_976
chr9	44993826	44994349	524	44994031	15.70	6.95080	4.19971	3.15014	peak_977
chr9	45058279	45058550	272	45058371	17.35	8.96478	4.86205	5.00217	peak_978
chr9	45077195	45077653	459	45077555	22.31	5.86828	2.91409	2.17390	peak_979
chr9	45183222	45183496	275	45183364	21.49	11.72143	5.58349	7.62377	peak_980
chr9	45353563	45353906	344	45353668	22.31	6.99767	3.33039	3.19234	peak_981
chr9	45359676	45360162	487	45360043	16.53	8.79877	5.00310	4.84419	peak_982
chr9	45366117	45366400	284	45366381	14.88	7.15268	4.53133	3.31311	peak_983
chr9	45376060	45376332	273	45376132	12.40	5.02085	3.47884	1.43307	peak_984
chr9	45376664	45376967	304	45376841	16.53	8.26371	4.70604	4.34530	peak_985
chr9	60567839	60568855	1017	60568373	33.88	22.62702	8.29763	18.22620	peak_986
chr9	60570138	60572010	1873	60571645	23.97	6.41011	3.12069	2.64920	peak_987
chr9	60573147	60574858	1712	60573567	46.28	18.38221	4.72782	14.07611	peak_988
chr9	60577380	60577687	308	60577395	17.35	5.26629	3.05905	1.65591	peak_989
chr9	60579138	60580644	1507	60579349	58.67	38.59687	9.11052	33.95838	peak_990
chr9	60581281	60581999	719	60581416	22.31	8.91497	4.09548	4.95426	peak_991
chr9	60583907	60584435	529	60584204	31.40	15.04686	5.35988	10.83975	peak_992
chr9	60585102	60585854	753	60585646	30.58	11.76530	4.32152	7.66666	peak_993
chr9	60586733	60587088	356	60586892	19.83	6.96126	3.69268	3.15995	peak_994
chr9	60591163	60591574	412	60591361	41.32	16.60336	4.70220	12.34790	peak_995
chr9	60592439	60592730	292	60592638	23.97	7.60524	3.56650	3.73783	peak_996
chr9	60593791	60594571	781	60594197	27.27	12.00288	4.71185	7.89383	peak_997
chr9	60597805	60598086	282	60597952	25.62	8.87152	3.80261	4.91393	peak_998
chr9	60598956	60599315	360	60599105	23.97	8.61302	3.96419	4.67703	peak_999
chr9	60601335	60601958	624	60601660	33.88	16.81004	5.81371	12.54815	peak_1000
chr9	60602570	60603833	1264	60602962	42.15	27.70989	8.27670	23.22014	peak_1001
chr9	60604817	60605123	307	60604986	30.58	16.93061	6.31533	12.66563	peak_1002
chr9	60609976	60611384	1409	60610444	56.19	32.01730	7.32199	27.46347	peak_1003
chr9	60613500	60614652	1153	60613775	24.79	11.83671	5.17294	7.73354	peak_1004
chr9	60617694	60618408	715	60618310	23.14	13.58947	6.03478	9.42384	peak_1005
chr9	60620381	60620806	426	60620704	19.83	7.99138	4.16670	4.08833	peak_1006
chr9	60622708	60623168	461	60623125	18.18	6.83017	3.62676	3.03927	peak_1007
chr9	60623970	60626408	2439	60624046	28.10	8.30963	3.29885	4.38964	peak_1008
chr9	60627129	60628349	1221	60627713	27.27	12.00288	4.71185	7.89383	peak_1009
chr9	60631414	60632324	911	60631593	19.01	9.36480	4.64764	5.38137	peak_1010
chr9	60632710	60634107	1398	60633335	28.92	15.16215	5.98478	10.95066	peak_1011
chr9	60634912	60635942	1031	60635912	28.92	6.11664	2.72035	2.40338	peak_1012
chr9	60638392	60639757	1366	60639295	27.27	6.51537	2.82711	2.74529	peak_1013
chr9	60640269	60640713	445	60640642	22.31	6.92964	3.30462	3.13051	peak_1014
chr9	60652929	60654585	1657	60653041	33.88	6.81026	2.68325	3.02048	peak_1015
chr9	60658914	60661384	2471	60659315	47.93	19.11121	4.89310	14.78948	peak_1016
chr9	60665404	60666679	1276	60665643	18.18	9.18916	4.76269	5.21593	peak_1017
chr9	60667879	60669121	1243	60668932	27.27	14.88417	5.90937	10.68127	peak_1018
chr9	60672291	60672866	576	60672688	26.44	13.48746	5.50443	9.32815	peak_1019
chr9	60674454	60675183	730	60675078	41.32	14.87683	4.23198	10.67413	peak_1020
chr9	60677573	60679370	1798	60678631	58.67	40.82391	9.87087	36.15657	peak_1021
chr9	60682261	60683584	1324	60682877	40.49	20.02114	5.88177	15.67706	peak_1022
chr9	60686055	60686694	640	60686668	19.83	5.28566	2.97622	1.67083	peak_1023
chr9	60687010	60687730	721	60687348	27.27	10.20195	4.03873	6.17568	peak_1024
chr9	60688052	60688374	323	60688275	19.01	11.44792	5.71075	7.35984	peak_1025
chr9	67723944	67724299	356	67724006	60.33	5.08590	1.80373	1.49266	peak_1026
chr9	70120815	70121126	312	70120979	29.75	21.51844	8.77723	17.13864	peak_1027
chr9	92147162	92147716	555	92147532	21.49	11.65256	5.54873	7.55733	peak_1028
chr9	92764988	92765265	278	92765070	15.70	7.96283	4.76722	4.06508	peak_1029
chr9	96418498	96418838	341	96418653	33.06	23.51211	8.51396	19.09530	peak_1030
chr9	105063635	105064847	1213	105064718	35.54	25.66042	9.13376	21.20355	peak_1031
chr9	124658310	124659418	1109	124658982	34.71	24.58018	8.92716	20.14342	peak_1032
chr9	126662546	126662814	269	126662605	19.83	11.44792	5.94663	7.35984	peak_1033
chr9	131373625	131373920	296	131373728	16.53	8.79877	5.00310	4.84419	peak_1034
chr9	133459682	133459989	308	133459937	17.35	9.65910	5.23898	5.65763	peak_1035
chr9	133873955	133874745	791	133874359	54.54	52.25176	15.85373	47.47549	peak_1036
chr9	136174190	136175012	823	136174552	33.06	23.51211	8.51396	19.09530	peak_1037
chr9	136632637	136633232	596	136632988	36.36	16.87866	5.33735	12.61534	peak_1038
chr9	137184368	137184774	407	137184576	20.66	5.83711	3.09427	2.14880	peak_1039
chr9	137845619	137846016	398	137845885	31.40	6.69973	2.70026	2.91465	peak_1040
chrM	68	16504	16437	6602	5471.57	941.96967	2.83700	935.27594	peak_1041
chrX	268698	269157	460	269116	20.66	7.09102	3.60999	3.27881	peak_1042
chrX	48958122	48958473	352	48958290	17.35	9.65910	5.23898	5.65763	peak_1043
chrX	58538600	58538932	333	58538891	17.35	7.29760	4.00549	3.44842	peak_1044
chrX	58540107	58541100	994	58540169	26.44	15.64117	6.48947	11.41283	peak_1045
chrX	58541485	58547677	6193	58547149	35.54	23.43437	8.10699	19.02022	peak_1046
chrX	58548417	58549160	744	58548452	19.83	7.99138	4.16670	4.08833	peak_1047
chrX	58551184	58554319	3136	58553709	31.40	22.63663	8.69984	18.23563	peak_1048
chrX	62465316	62466059	744	62465905	23.14	10.24747	4.49992	6.21855	peak_1049
chrX	62470330	62470773	444	62470453	33.06	16.56969	5.58665	12.31517	peak_1050
chrX	62471913	62472709	797	62472497	48.76	16.42586	4.14645	12.17411	peak_1051
chrX	62476074	62476394	321	62476355	19.01	8.10622	4.05374	4.19655	peak_1052
chrX	62477076	62477538	463	62477399	20.66	9.60432	4.75304	5.60970	peak_1053
chrX	62479042	62481536	2495	62481147	28.92	20.43859	8.54135	16.08220	peak_1054
chrX	62486994	62487572	579	62487091	18.18	8.73917	4.53541	4.79429	peak_1055
chrX	62487878	62488319	442	62488101	29.75	10.00074	3.84378	5.98453	peak_1056
chrX	62491192	62492140	949	62491318	37.19	23.53056	7.63757	19.11292	peak_1057
chrX	62492720	62493213	494	62493050	23.97	10.92599	4.95703	6.86741	peak_1058
chrX	62494176	62494741	566	62494311	20.66	8.19902	4.09554	4.28381	peak_1059
chrX	62495280	62495657	378	62495458	46.28	20.36296	5.25313	16.01119	peak_1060
chrX	62498338	62500536	2199	62499548	41.32	29.04168	9.08546	24.53055	peak_1061
chrX	62500894	62501162	269	62501139	19.01	6.74437	3.45355	2.95687	peak_1062
chrX	62502187	62502591	405	62502251	20.66	9.71386	4.80625	5.71095	peak_1063
chrX	62503534	62503840	307	62503651	42.97	19.40708	5.49658	15.07538	peak_1064
chrX	115726598	115729592	2995	115729045	30.58	16.93061	6.31533	12.66563	peak_1065
chrX	115729857	115730700	844	115730371	25.62	15.45244	6.65457	11.22791	peak_1066
chrX	115731951	115733045	1095	115732797	38.84	14.46717	4.42674	10.27642	peak_1067
chrX	154369190	154369718	529	154369650	16.53	8.79877	5.00310	4.84419	peak_1068
chrX	156030372	156030724	353	156030592	365.27	151.79381	5.81377	146.66550	peak_1069
chrY	268592	269027	436	268593	19.83	5.28566	2.97622	1.67083	peak_1070
chrY	10649256	10649725	470	10649647	31.40	13.03856	4.62901	8.89351	peak_1071
chrY	11297203	11298606	1404	11297970	371.05	55.09938	2.54830	50.30172	peak_1072
chrY	11304546	11305576	1031	11305388	676.82	77.67806	2.25940	72.74021	peak_1073
chrY	11310831	11311701	871	11311158	300.81	16.20715	1.67671	11.96379	peak_1074
chrY	11312296	11312636	341	11312556	737.97	25.36452	1.51119	20.91372	peak_1075
chrY	11684158	11684727	570	11684172	43.80	6.79196	2.35784	3.00273	peak_1076
chrY	11733635	11733891	257	11733640	74.38	5.91221	1.79466	2.21490	peak_1077
chrY	11746567	11748502	1936	11747714	236.35	35.11864	2.52499	30.52401	peak_1078
chrY	56839120	56839612	493	56839480	188.42	11.28474	1.70647	7.20969	peak_1079
chrY	57216910	57217247	338	57217102	390.06	148.48206	5.28458	143.35751	peak_1080
