Position	Sample.1	Sample.2	Sample.3	Sample.4	Sample.5	Sample.6
1-methylnicotinamide	0.09177	0.229	0.07816	-0.1966	0.008649	-0.211
2-aminoadipate	0.02918	0.1325	0.2274	-0.2532	-0.09944	-0.03635
2-hydroxyglutarate	0.1571	0.03694	-0.002316	-0.1533	-0.1722	0.1338
3-phosphoglycerate	-0.0358	0.1224	0.07308	-0.1186	-0.06021	0.01912
3-ureidopropionate	0.04514	0.1302	0.1901	-0.1667	-0.1297	-0.06908
6-phosphogluconate	-0.02192	-0.07658	0.06259	-0.2935	0.07888	0.2505
acetylcarnitine	-0.06412	-0.2559	0.07106	0.02742	0.1574	0.06413
acetyl-CoA	-0.2353	-0.1933	0.1565	-0.0626	-0.2217	0.5563
acetylserine	0.007888	-0.05656	0.1553	-0.1717	0.01374	0.05128
adenine	-0.008493	0.1373	-0.01299	-0.07613	-0.1219	0.08216
adenosine	0.1665	0.1407	0.2442	-0.08943	-0.2448	-0.2172
ADP	0.0699	-0.1162	0.2224	-0.1339	-0.2776	0.2354
ADP-ribose	0.06989	-0.04231	-0.168	-0.2757	0.04479	0.3714
alanine	-0.1496	0.05117	0.08939	-0.03656	-0.05454	0.1002
allantoin	-0.1485	-0.05895	0.231	-0.2862	0.0494	0.2133
alpha-ketoglutarate	0.1768	0.05745	0.1907	-0.2349	-0.1945	0.004363
AMP	0.3796	0.05234	0.3929	-0.5958	-0.2329	0.003863
anserine	-0.06787	-0.04456	0.1187	-0.08636	0.07077	0.009366
arginine	-0.1403	0.1621	0.05956	0.1735	-0.1316	-0.1232
argininosuccinate	0.1752	0.0817	0.3029	-0.03627	-0.2367	-0.2868
asparagine	-0.3329	0.1407	0.08496	-0.1598	-0.08623	0.3533
aspartate	-0.09434	-0.1302	-0.05043	0.1149	0.08681	0.07329
ATP	-0.03606	0.002532	0.0009724	-0.1772	-0.163	0.3727
betaine	-0.1196	-0.1029	-0.06489	0.06937	0.197	0.02103
butyryl_carnitine	0.07614	0.1669	0.1243	-0.01021	-0.2495	-0.1076
C5_carnitines	-0.1016	-0.07891	0.03849	0.1983	0.03316	-0.08937
cAMP	0.1288	0.009541	0.2981	-0.2996	-0.1372	0.0004331
carbamoyl_aspartate	-0.1477	-0.004012	0.09649	-0.02309	-0.08151	0.1599
carnitine	-0.1749	-0.03271	-0.08722	-0.03551	0.1735	0.1569
carnosine	-0.1234	-0.1965	0.1248	-0.118	0.0454	0.2676
CDP	0.2385	0.1051	0.3106	-0.2566	-0.3891	-0.008438
choline	-0.08742	-0.1151	-0.1147	0.1961	0.08209	0.03903
cis-aconitate	-0.03961	-0.006954	-0.04583	-0.1721	0.0342	0.2303
citrate	-0.08272	-0.01578	0.02865	-0.2262	-0.02917	0.3253
citrulline	-0.1768	0.1351	0.08953	0.06493	-0.009335	-0.1034
CMP	0.2617	0.1582	0.316	-0.5848	-0.2927	0.1417
creatine	-0.07019	0.05226	0.07948	0.006065	0.02308	-0.09069
creatinine	0.07345	0.2176	-0.03616	0.05772	-0.06035	-0.2523
CTP	0.03392	0.03714	0.05049	-0.2726	-0.1291	0.2802
cystathionine	0.2181	-0.2832	-0.1048	0.1679	0.3648	-0.3628
cystine	-0.1295	0.2977	-0.2173	1.189	-0.8966	-0.2434
cytidine	0.3831	0.3092	0.3387	-0.09671	-0.504	-0.4303
cytosine	0.4376	0.2102	0.3914	-0.09376	-0.3788	-0.5667
dihydroorotate	0.3027	0.2984	0.5296	0.01676	-0.3661	-0.7815
dihydroxyacetone_phosphate	0.04936	0.09839	-0.07167	0.4039	-0.4142	-0.06577
dTTP	0.3716	0.06217	-0.1853	-0.01319	-0.2253	-0.009956
F6P_G1P	0.1012	0.1226	-0.117	-0.1376	0.05492	-0.02402
FAD	-0.007782	-0.02643	-0.007111	-0.2309	-0.0915	0.3638
fructose_1,6-bisphosphate	0.3792	0.09804	0.259	-0.2428	-0.3556	-0.1379
fumarate	-0.02796	0.08667	0.03298	-0.1143	0.06597	-0.0434
GDP	0.133	-0.05455	0.1792	-0.3387	-0.2406	0.3218
glucose	-0.1292	0.4289	0.05946	0.3063	-0.3333	-0.3321
glucose_6-phosphate	0.06381	0.0885	0.06607	-0.05815	-0.249	0.08876
glutamate	0.1937	0.1904	0.06578	-0.3253	-0.1251	0.0005127
glutamine	-0.2042	0.06186	0.09138	-0.1478	-0.09925	0.2981
glyceraldehyde_3-phosphate	0.4069	0.1456	0.292	-0.3695	-0.3239	-0.1512
glycerol_3-phosphate	0.1471	0.2394	0.01957	-0.05557	-0.2454	-0.1051
glycine	-0.1201	0.1051	0.02075	-0.08903	0.08727	-0.003957
GMP	0.2145	-0.05239	0.3107	-0.4696	-0.2327	0.2296
GSH	-0.009578	-0.101	0.05845	-0.2231	-0.0156	0.2908
GSSG	-0.0237	0.1263	0.2447	-0.1376	-0.1473	-0.06244
GTP	-0.006412	-0.05522	0.01436	-0.1854	-0.09495	0.3277
guanidinoacetate	0.346	-0.1998	0.2522	-0.07132	0.01421	-0.3412
guanine	0.1354	0.2046	-0.02675	-0.2412	-0.3022	0.2303
guanosine	0.2974	0.1402	0.2482	-0.03178	-0.395	-0.259
histidine	-0.06275	0.1365	0.1142	0.1011	-0.07983	-0.2092
hydroxyproline	-0.3167	0.2817	-0.1904	0.04862	-0.07506	0.2519
hypoxanthine	-0.02352	-0.3771	0.2295	-0.1377	0.231	0.07785
inosine	-0.002754	0.01517	0.2329	-0.08046	-0.1245	-0.04036
isoleucine	0.02446	0.2685	0.1904	0.00147	-0.1822	-0.3026
itaconic_acid	0.05048	0.2445	0.07645	-0.0897	-0.3742	0.09239
kynurenine	0.06137	0.1497	0.0282	0.1573	-0.1409	-0.2557
lactate	0.07599	0.3311	0.2937	-0.02856	-0.3984	-0.2738
leucine	-0.01451	0.1914	0.2047	0.1651	-0.408	-0.1388
lysine	-0.1244	0.2012	0.06732	0.1576	-0.1907	-0.111
malate	0.06582	-0.04603	0.07716	0.031	-0.1393	0.01134
methionine	-0.01485	0.1589	0.08834	0.05788	-0.1508	-0.1395
methylthioadenosine	0.3446	0.4303	-0.09753	-0.6631	0.04858	-0.06294
Na_acetylglutamine	0.08895	0.1194	0.2079	-0.2013	-0.1446	-0.07025
N-acetylcysteine	-0.4069	-0.5259	-0.8177	-0.6516	-0.304	2.706
N-acetylglutamate	0.4192	0.6852	0.2703	-0.7288	-0.567	-0.07884
N-acetylmethionine	0.2814	0.1105	0.1347	-0.1592	-0.08813	-0.2793
NAD	-0.1826	-0.06915	0.1997	-0.1529	-0.139	0.3439
NADH	-0.2501	-0.3516	-0.2375	0.2076	0.03372	0.598
NADP	-0.3001	-0.1806	0.1614	-0.2491	0.06054	0.5078
NADPH	-0.2266	-0.1342	0.1092	-0.02203	-0.1745	0.4482
Ne-acetyllysine	0.3045	-0.08109	0.5649	-1.001	-0.09136	0.3044
nicotinamide	-0.2098	-0.07197	-0.01326	0.4091	-0.2129	0.09881
nicotinic_acid	-1.021	0.78	0.1597	0.06552	-0.7864	0.8022
ornithine	-0.3336	0.198	-0.03146	0.1457	0.1383	-0.117
orotate	-0.1655	-0.2684	0.01554	0.2668	0.07942	0.07219
palmitate	0.4352	-0.1162	0.292	-1.022	-0.1525	0.5631
pantothenic_acid	0.03717	0.08872	0.1856	-0.1368	-0.1545	-0.02017
phenylacetyl_glutamine	0.3806	0.4965	0.4154	-0.5137	-0.4295	-0.3493
phenylalanine	-0.01808	0.2126	0.1942	0.02998	-0.2047	-0.2141
phosphocholine	0.09105	0.0963	0.1131	-0.08706	-0.2159	0.00251
phosphocreatine	-0.1973	-0.04016	-0.0789	0.08879	0.1114	0.1162
phosphoenolpyruvate	0.02638	0.1122	0.01077	-0.2891	0.01887	0.1209
phosphoethanolamine	0.08793	-0.02145	0.1337	-0.1715	-0.02325	-0.005435
phosphoserine	-0.1381	0.03902	-0.06109	0.01501	0.05569	0.08948
proline	0.0266	0.07861	0.05235	-0.04847	-0.02764	-0.08145
propionylcarnitine	0.1868	0.0304	0.2917	-0.3201	-0.1787	-0.01002
pseudouridine	-0.1273	0.1919	0.1983	-0.1473	-0.2172	0.1016
pyruvate	-0.1472	0.222	0.04862	0.3172	-0.2344	-0.2062
ribose_1-phosphate	0.2425	0.2598	0.09073	-0.6368	-0.05827	0.102
ribose_ribulose_5-phosphate	0.07769	-0.08861	0.07529	-0.1888	-0.1107	0.2351
S-adenosylhomocysteine	0.273	0.03795	0.06752	-0.335	-0.1575	0.1141
S-adenosylmethionine	0.009531	0.09271	-0.02401	-0.2246	-0.1349	0.2813
sedoheptulose_7-phosphate	0.08737	0.08945	0.01018	-0.2821	-0.1587	0.2537
serine	-0.2361	-0.06725	-0.1506	0.1638	0.1484	0.1417
succinate	-0.009305	-0.2363	0.1213	0.5064	-0.3157	-0.06645
taurine	0.1022	0.09531	0.1933	-0.2068	-0.1747	-0.009239
threonine	-0.004087	0.08346	0.02489	0.02029	-0.06878	-0.05578
tryptophan	0.005052	0.1826	0.2657	0.006731	-0.2302	-0.2299
tyrosine	0.06192	0.2878	0.1132	0.07747	-0.2675	-0.2729
UDP	0.2352	0.1577	0.1097	-0.3209	-0.2756	0.09394
UDP-GlcNAc	-0.06015	-0.008336	0.2853	-0.2337	-0.2594	0.2763
UDP-hexose	0.03759	0.07898	0.05247	-0.295	-0.1324	0.2583
UMP	0.336	0.1297	0.4102	-0.6199	-0.4115	0.1556
uracil	-0.1714	0.04008	0.02321	0.1803	-0.04312	-0.02904
urate	0.2773	0.08027	0.498	-0.5822	-0.2889	0.01555
uridine	0.2002	0.2236	0.5911	-0.4603	-0.5067	-0.04788
UTP	0.09187	0.1115	-0.01206	-0.3605	-0.1091	0.2783
valine	0.0368	0.2138	0.191	0.04007	-0.2303	-0.2514
xanthosine	0.3558	-1.496	1.008	-0.09588	0.5502	-0.3214
