Position	Sample.1	Sample.2	Sample.3	Sample.4	Sample.5	Sample.6
1-methylnicotinamide	0.04837	0.1856	0.03476	-0.24	-0.03476	-0.2544
2-aminoadipate	0.03276	0.1361	0.231	-0.2497	-0.09585	-0.03276
2-hydroxyglutarate	0.1397	0.01963	-0.01963	-0.1706	-0.1895	0.1165
3-phosphoglycerate	-0.02746	0.1308	0.08143	-0.1103	-0.05187	0.02746
3-ureidopropionate	0.05711	0.1422	0.2021	-0.1547	-0.1177	-0.05711
6-phosphogluconate	-0.04225	-0.09691	0.04225	-0.3138	0.05854	0.2302
acetylcarnitine	-0.1099	-0.3017	0.02529	-0.01836	0.1116	0.01836
acetyl-CoA	-0.1074	-0.06532	0.2845	0.06532	-0.09376	0.6843
acetylserine	-0.002923	-0.06738	0.1445	-0.1825	0.002923	0.04047
adenine	0.002247	0.1481	-0.002247	-0.06539	-0.1111	0.0929
adenosine	0.1409	0.1151	0.2186	-0.1151	-0.2704	-0.2429
ADP	0.09305	-0.09305	0.2455	-0.1107	-0.2545	0.2586
ADP-ribose	0.06865	-0.04355	-0.1693	-0.277	0.04355	0.3702
alanine	-0.1569	0.04387	0.08208	-0.04387	-0.06184	0.09285
allantoin	-0.1437	-0.05417	0.2357	-0.2815	0.05417	0.2181
alpha-ketoglutarate	0.1459	0.02654	0.1598	-0.2658	-0.2254	-0.02654
AMP	0.3515	0.02424	0.3648	-0.6239	-0.261	-0.02424
anserine	-0.05027	-0.02696	0.1363	-0.06877	0.08836	0.02696
arginine	-0.1085	0.1939	0.0914	0.2053	-0.09975	-0.0914
argininosuccinate	0.1525	0.05898	0.2802	-0.05898	-0.2594	-0.3096
asparagine	-0.3323	0.1413	0.0856	-0.1592	-0.0856	0.3539
aspartate	-0.1058	-0.1417	-0.06186	0.1035	0.07537	0.06186
ATP	-0.01851	0.02007	0.01851	-0.1596	-0.1454	0.3902
betaine	-0.09769	-0.08095	-0.04296	0.0913	0.2189	0.04296
butyryl_carnitine	0.04318	0.1339	0.09135	-0.04318	-0.2824	-0.1406
C5_carnitines	-0.07877	-0.05603	0.06136	0.2212	0.05603	-0.0665
cAMP	0.1238	0.004554	0.2931	-0.3046	-0.1422	-0.004554
carbamoyl_aspartate	-0.1342	0.009538	0.11	-0.009538	-0.06796	0.1734
carnitine	-0.1408	0.001401	-0.05311	-0.001401	0.2076	0.191
carnosine	-0.08708	-0.1602	0.1611	-0.08169	0.08169	0.3039
CDP	0.1902	0.05675	0.2623	-0.3049	-0.4374	-0.05675
choline	-0.06323	-0.09087	-0.09051	0.2203	0.1063	0.06323
cis-aconitate	-0.01633	0.01633	-0.02255	-0.1488	0.05748	0.2536
citrate	-0.06024	0.006694	0.05113	-0.2038	-0.006694	0.3477
citrulline	-0.2046	0.1073	0.06173	0.03713	-0.03713	-0.1312
CMP	0.1118	0.008246	0.1661	-0.7347	-0.4426	-0.008246
creatine	-0.08476	0.03769	0.06491	-0.008505	0.008505	-0.1053
creatinine	0.06267	0.2068	-0.04694	0.04694	-0.07113	-0.2631
CTP	-0.001607	0.001607	0.01496	-0.3081	-0.1647	0.2446
cystathionine	0.1866	-0.3147	-0.1363	0.1363	0.3333	-0.3944
cystine	0.04391	0.4711	-0.04391	1.363	-0.7232	-0.06994
cytidine	0.2769	0.203	0.2324	-0.203	-0.6103	-0.5365
cytosine	0.3794	0.152	0.3332	-0.152	-0.437	-0.6249
dihydroorotate	0.1451	0.1408	0.372	-0.1408	-0.5236	-0.939
dihydroxyacetone_phosphate	0.05756	0.1066	-0.06346	0.4121	-0.406	-0.05756
dTTP	0.3832	0.07375	-0.1737	-0.001618	-0.2138	0.001618
F6P_G1P	0.08577	0.1071	-0.1325	-0.1531	0.03947	-0.03947
FAD	0.009323	-0.009323	0.009993	-0.2138	-0.0744	0.3809
fructose_1,6-bisphosphate	0.3992	0.118	0.279	-0.2229	-0.3356	-0.118
fumarate	-0.03047	0.08416	0.03047	-0.1168	0.06346	-0.04591
GDP	0.09375	-0.09375	0.14	-0.3779	-0.2798	0.2826
glucose	-0.09435	0.4638	0.09435	0.3412	-0.2984	-0.2972
glucose_6-phosphate	-0.001132	0.02356	0.001132	-0.1231	-0.3139	0.02382
glutamate	0.1606	0.1572	0.03263	-0.3584	-0.1582	-0.03263
glutamine	-0.1855	0.08055	0.1101	-0.1291	-0.08055	0.3168
glyceraldehyde_3-phosphate	0.4097	0.1484	0.2948	-0.3667	-0.3211	-0.1484
glycerol_3-phosphate	0.1651	0.2574	0.03757	-0.03757	-0.2274	-0.08714
glycine	-0.1285	0.09669	0.01235	-0.09743	0.07888	-0.01235
GMP	0.1334	-0.1334	0.2297	-0.5506	-0.3138	0.1486
GSH	0.00301	-0.08842	0.07104	-0.2105	-0.00301	0.3034
GSSG	0.01937	0.1694	0.2878	-0.09451	-0.1043	-0.01937
GTP	0.0244	-0.0244	0.04518	-0.1546	-0.06413	0.3585
guanidinoacetate	0.3745	-0.1712	0.2807	-0.04276	0.04276	-0.3127
guanine	0.08106	0.1503	-0.08106	-0.2955	-0.3565	0.176
guanosine	0.2432	0.08599	0.194	-0.08599	-0.4492	-0.3132
histidine	-0.0819	0.1173	0.09507	0.0819	-0.09898	-0.2283
hydroxyproline	-0.3035	0.2949	-0.1772	0.06184	-0.06184	0.2651
hypoxanthine	-0.05068	-0.4043	0.2023	-0.1649	0.2038	0.05068
inosine	0.0188	0.03672	0.2544	-0.05891	-0.1029	-0.0188
isoleucine	0.01149	0.2555	0.1775	-0.01149	-0.1952	-0.3156
itaconic_acid	-0.01298	0.1811	0.01298	-0.1532	-0.4376	0.02893
kynurenine	0.01659	0.105	-0.01659	0.1125	-0.1857	-0.3004
lactate	0.05227	0.3074	0.27	-0.05227	-0.4221	-0.2975
leucine	-0.08982	0.1161	0.1294	0.08982	-0.4833	-0.2141
lysine	-0.1025	0.223	0.08917	0.1794	-0.1688	-0.08917
malate	0.04466	-0.0672	0.05599	0.009829	-0.1605	-0.009829
methionine	-0.03636	0.1374	0.06683	0.03636	-0.1723	-0.161
methylthioadenosine	0.3518	0.4375	-0.09035	-0.6559	0.05576	-0.05576
Na_acetylglutamine	0.0796	0.11	0.1985	-0.2106	-0.154	-0.0796
N-acetylcysteine	0.05947	-0.05947	-0.3513	-0.1852	0.1624	3.173
N-acetylglutamate	0.3235	0.5895	0.1746	-0.8245	-0.6627	-0.1746
N-acetylmethionine	0.2702	0.09932	0.1236	-0.1704	-0.09932	-0.2905
NAD	-0.07849	0.03492	0.3038	-0.04885	-0.03492	0.4479
NADH	-0.1483	-0.2497	-0.1356	0.3095	0.1356	0.6999
NADP	-0.2401	-0.1206	0.2215	-0.1891	0.1206	0.5678
NADPH	-0.1484	-0.05611	0.1873	0.05611	-0.09638	0.5264
Ne-acetyllysine	0.1928	-0.1927	0.4533	-1.113	-0.203	0.1927
nicotinamide	-0.1672	-0.02935	0.02935	0.4517	-0.1703	0.1414
nicotinic_acid	-1.134	0.6674	0.0471	-0.0471	-0.899	0.6896
ornithine	-0.387	0.1446	-0.08487	0.09233	0.08487	-0.1704
orotate	-0.2093	-0.3123	-0.02832	0.2229	0.03556	0.02832
palmitate	0.3473	-0.2041	0.2041	-1.109	-0.2404	0.4752
pantothenic_acid	0.02867	0.08022	0.1771	-0.1453	-0.163	-0.02867
phenylacetyl_glutamine	0.3649	0.4809	0.3998	-0.5293	-0.4451	-0.3649
phenylalanine	-0.02403	0.2067	0.1883	0.02403	-0.2106	-0.22
phosphocholine	0.04427	0.04952	0.06629	-0.1338	-0.2626	-0.04427
phosphocreatine	-0.2217	-0.06447	-0.1032	0.06447	0.08705	0.09192
phosphoenolpyruvate	0.003756	0.08953	-0.01186	-0.3117	-0.003756	0.09828
phosphoethanolamine	0.1014	-0.008009	0.1472	-0.1581	-0.009804	0.008009
phosphoserine	-0.1651	0.01201	-0.08811	-0.01201	0.02867	0.06246
proline	0.02712	0.07914	0.05287	-0.04795	-0.02712	-0.08093
propionylcarnitine	0.1766	0.02021	0.2815	-0.3303	-0.1889	-0.02021
pseudouridine	-0.1144	0.2048	0.2111	-0.1344	-0.2044	0.1144
pyruvate	-0.09792	0.2713	0.09792	0.3665	-0.1851	-0.1569
ribose_1-phosphate	0.1462	0.1634	-0.005653	-0.7332	-0.1547	0.005653
ribose_ribulose_5-phosphate	0.08435	-0.08195	0.08195	-0.1822	-0.104	0.2418
S-adenosylhomocysteine	0.2202	-0.01479	0.01479	-0.3878	-0.2102	0.06132
S-adenosylmethionine	0.01677	0.09995	-0.01677	-0.2174	-0.1277	0.2886
sedoheptulose_7-phosphate	0.0386	0.04068	-0.0386	-0.3309	-0.2074	0.205
serine	-0.2733	-0.1045	-0.1878	0.1266	0.1112	0.1045
succinate	0.02857	-0.1984	0.1592	0.5443	-0.2778	-0.02857
taurine	0.05921	0.05227	0.1502	-0.2499	-0.2178	-0.05227
threonine	-0.01219	0.07536	0.01678	0.01219	-0.07688	-0.06388
tryptophan	-0.0008395	0.1767	0.2598	0.0008395	-0.236	-0.2358
tyrosine	-0.007772	0.2181	0.04352	0.007772	-0.3372	-0.3426
UDP	0.1333	0.05585	0.007881	-0.4227	-0.3774	-0.007881
UDP-GlcNAc	-0.02591	0.02591	0.3195	-0.1994	-0.2252	0.3105
UDP-hexose	-0.007439	0.03395	0.007439	-0.34	-0.1774	0.2133
UMP	0.1934	-0.01293	0.2675	-0.7626	-0.5542	0.01293
uracil	-0.1685	0.04299	0.02612	0.1832	-0.04021	-0.02612
urate	0.2294	0.03236	0.45	-0.6301	-0.3368	-0.03236
uridine	0.124	0.1475	0.5149	-0.5364	-0.5828	-0.124
UTP	0.05197	0.07162	-0.05197	-0.4004	-0.149	0.2384
valine	-0.001636	0.1754	0.1526	0.001636	-0.2687	-0.2898
xanthosine	0.2258	-1.626	0.8777	-0.2258	0.4202	-0.4514
