Group.A.vs.Group.A	Group.B.vs.Group.A	Group.B.vs.Group.B	Group.C.vs.Group.A	Group.C.vs.Group.B	Group.C.vs.Group.C	Group.D.vs.Group.A	Group.D.vs.Group.B	Group.D.vs.Group.C	Group.D.vs.Group.D	Group.E.vs.Group.A	Group.E.vs.Group.B	Group.E.vs.Group.C	Group.E.vs.Group.D	Group.E.vs.Group.E	Group.F.vs.Group.A	Group.F.vs.Group.B	Group.F.vs.Group.C	Group.F.vs.Group.D	Group.F.vs.Group.E	Group.F.vs.Group.F
0	54.7891554119974	0	46.4597804076816	74.5289174745615	0	91.1299008416008	96.3993483836898	48.2336784789425	0	31.2695643738268	24.8564349513139	62.5874420361377	96.0952100585294	0	48.2749216041663	62.3933119602446	16.7336859923449	43.1240523840745	55.353670147264	0
3.63359018052394	55.4789141051805	1.32789986444762	46.0116292267509	73.5793941302862	0.984659722950016	90.019735939626	95.9164565611136	46.9548461810919	1.35910483775167	34.9536803763567	26.0345130289103	69.55182660867	103.423684695395	7.3638210262336	24.5453156162821	54.024772640585	24.6421586439764	66.6348523830803	38.5142952823208	23.7375244251649
15.3550197094924	54.9026328462488	1.28891038090319	49.136269477037	76.2936635586469	2.67876595655537	87.5830202252126	94.3917801485384	44.3773359889933	3.90607771684077	38.9804363631309	21.573345627883	71.2517729503351	103.179903425755	8.84857600026129	38.9724044332512	53.6086637720891	21.3143763397126	53.4047194555397	44.8257102435154	10.6645896237267
17.0355133083098	55.0816983361987	0.743785264710186	46.0460486501285	75.6103945174868	1.92541923746492	86.466391677923	93.0099928691536	43.5320447207571	4.73080083706765	33.5684344025753	27.0488615220678	68.5650218747869	102.910301662953	6.83617306896922	78.1894273644359	84.657816414897	36.6922317459214	13.1306717498535	83.1930803670143	30.048562543383
19.2166312565444	54.4043135208965	0.587148941921894	45.574134284482	74.5888194899209	1.26699416336461	83.4547169727392	90.640801910398	40.6186331986934	7.72863302272789	47.4518120135997	20.8636963413007	79.8700476492208	110.113276193547	17.7689510936415	71.8858571337673	77.4020172094785	32.6998076981257	20.2312774722804	75.9013157670702	23.612501128631
18.4644974820762	55.5067408493779	1.08496034950592	36.041872837576	73.6995494461126	13.5691250289029	87.430029499366	93.674192766311	44.5169628619249	3.74490960371542	45.9152491640849	32.8160651803351	84.1102310272062	118.154133327616	22.2632046476894	83.9036266200693	86.6339361647617	43.515187028094	9.84222133666989	87.0213948804827	35.6295708505225
3.63359018052394	64.9041743653673	19.9788658249161	45.7348426310838	75.7711661467606	0.984659722950016	91.3517920535771	97.7128256005833	48.1762551689107	1.35910483775167	45.3239972811313	31.8497098526815	83.1765766107863	117.070441108334	21.2212180797168	71.4270387577254	81.5661141419499	29.2093032303682	19.7484656261088	78.2056815848113	23.7363089989071
0	64.280878890149	19.2056941777693	45.3561543883518	74.8232917183547	0	90.2111550978037	97.2323827514784	46.9072083895429	0	49.0278677756396	24.8451893988675	83.2839567043473	114.328982570447	20.7710712190994	78.2307716660625	84.9294387419792	36.58584374183	13.0264370823184	83.3741593595288	30.1194269950542
17.7827832282492	65.3851378372792	20.698777441192	48.4120714768538	77.5478814929847	3.22339762672866	87.7414594435835	95.7112689645269	44.3339977607479	2.58322032548523	49.8032120502909	23.3275069499988	83.2310949827397	113.639578841137	20.8962680789006	71.2759455862523	81.1655478205772	29.2542451400203	19.8721129736724	77.8932374018599	23.5112334248036
15.5115058852969	73.9002284651408	19.4569705730363	45.1770686580039	76.8424705828749	2.74415437794596	86.6597200902472	94.3294432139298	43.4644486239041	3.55344324845635	56.5438932272478	24.7254183004939	89.3645612707431	118.276192987593	27.3983975710716	86.2881797870948	88.8830933499167	45.5321605342861	7.85236858597455	89.453809779589	38.0136889974441
17.513217421422	75.0255073090479	20.4447266770676	44.7813825452051	75.8229924461571	1.82321079417604	83.6455405541742	91.963000245153	40.533773598075	6.56676779245315	48.5233495970352	17.6774902403056	79.1623326654167	108.205791363624	17.9521252159626	46.3235183696457	62.2231023333207	15.3141859209329	44.9289949872785	54.3264198785453	2.19982410890053
16.8212922529038	74.3153276306443	19.5762674197611	34.6088584180409	74.8367022785612	13.7158607815915	87.631469566703	94.9924401360972	44.4506433901693	2.59684633738695	50.2186872651018	13.5641409042409	78.4556793699226	105.839502782648	19.0502697986774	82.3653810386985	87.3713967127114	40.90968511563	9.35410056445835	86.74137269779	34.1610273093536
15.3550197094924	58.3782059131659	1.32789986444762	38.6262906970227	73.8150295786705	2.67876595655537	78.9906734748534	95.24833558887	45.9118474034753	3.90607771684077	60.6407299292019	31.449371489211	95.450580512768	125.157415258108	33.0174976043385	80.7206775258979	86.4691230923501	39.1417562463669	10.7178249901741	85.4441862199465	32.5553555755178
17.7827832282492	59.0785326680513	0	37.9296399477361	72.8618148679403	3.22339762672866	77.9753690102901	94.7732641854759	44.6204008556624	2.58322032548523	45.2079674888409	29.0252015330144	81.8216531301226	114.93415325213	19.4585188643329	68.9179385529225	75.070567399377	30.3027506924107	23.1192016609657	73.0937148926917	20.6487162763209
0	58.4778904223639	2.49515405937189	41.1481828716032	75.5510402912495	0	75.6545959895557	93.2620221368806	42.0389516007476	0	53.3591088436417	29.9467925485785	89.2125509281828	120.64390465662	26.6251942658622	75.7595545192922	85.0300275189982	33.1076029967076	15.4597419127746	82.2917173153951	28.0478948769351
18.0597308110642	58.6773148431317	0.59994360568307	38.8203225727312	74.9194335511154	3.7049160813708	74.4491675088909	91.8800963826769	41.2282414478231	1.38202056786431	52.9899781926366	30.2755263831382	89.054289509771	120.682455295242	26.471944520371	52.1992331090228	56.5401344367884	26.6889158922595	42.7022328030057	53.405217061216	9.95776215536905
20.0603774192038	57.9977332281185	1.27409098968638	38.0683481627047	73.8933304844896	3.71116690274097	71.4747454422812	89.5238620226474	38.3427822349918	4.18332279055776	39.5734103663862	27.7771815263248	75.7998798488784	109.597411596125	13.6668305013452	83.4112477234	93.3586845486503	39.2703993590134	9.65708778205935	90.7649676656368	36.2265108920249
19.3498154536445	59.1035027418849	0.324448100626279	32.1210042378332	73.1938700166209	15.9105222164453	75.3807412740741	92.5394339107929	42.2104898964701	1.04621176154734	47.4523173593967	24.7876940020023	81.8557589919909	113.253890150762	19.3032272351024	76.0197709586289	83.0983943698216	34.626070830292	15.242144688278	81.2545775832359	27.8998412943515
17.0355133083098	68.5095621300414	18.6682554353641	30.5470520692849	75.1817427734287	1.92541923746492	77.3715688522186	97.1430916792337	49.6164548210571	4.73080083706765	46.6115824408557	19.5163164742707	78.3365314387598	108.360813891652	16.4812982424124	52.8252145754241	63.8321208698223	19.7105090458263	38.9061356876727	58.4503041992161	4.73207420161603
15.5115058852969	67.8895474353011	17.8973271149633	30.2514201224604	74.2334754386456	2.74415437794596	76.1756375039527	96.6602394302849	48.3252887032245	3.55344324845635	34.9014071128501	25.2683876788152	61.7698813350884	95.3021641848122	7.3638210262336	54.0761702025023	65.7253249456403	19.1344785557381	37.3916442175254	60.2665018855658	5.80150621773346
18.0597308110642	68.9867706998958	19.3876943056672	33.2083312276543	76.9557231766423	3.7049160813708	73.6531893192657	95.1353445960543	45.743861826479	1.38202056786431	38.5035349791743	26.07288507516	68.7545639922362	102.638213728185	0	62.370281654243	70.3948714372688	25.1887899360728	29.451934251957	67.1330883604061	14.1099649048607
0	77.514952348563	18.5716075655825	29.8527476116286	76.2555306779121	0	72.6458100940557	93.7535622066703	44.9317536467252	0	42.5730385271723	21.5258049964711	70.4193814580482	102.446494974499	4.75953922849681	46.0063358516368	61.5995153072944	15.7976684503632	45.3057081609547	53.7574270022487	2.31553203571015
2.30628634900352	78.6356366150869	19.6121439391516	29.5291450062747	75.2355273121682	1.07020093907639	69.6431534708014	91.3838572538936	42.0433639102534	3.0141847322286	37.1142239482385	27.1341188530234	67.7762344992697	102.110868765279	1.39982688661849	88.4384537271542	94.4359109003032	45.5173932865229	2.7312284507159	93.7071344460757	40.4830345122793
1.50780888046198	77.915067619877	18.8366137620327	19.1090316317076	74.2769823967022	12.2138160134333	73.6287156192311	94.4178791934028	45.9142231432701	0.987274196968606	51.0013127362307	20.2728837969541	79.021215592518	109.441243641335	12.4984914867957	62.8074821998534	78.853371127967	19.1136725536172	29.2561315443601	72.5930796303449	17.2651586376291
19.2166312565444	44.9503932232289	1.28891038090319	28.9991372675119	74.5029622834555	1.26699416336461	76.2407250506578	96.6638733304227	49.4663078147136	7.72863302272789	49.1684623086791	32.2546043493018	83.3377555523305	117.391458771582	14.9124345742907	48.8210083730396	63.6965382802739	15.8365086119511	42.0863317176539	62.6897489175934	23.7375244251649
17.513217421422	45.8884045556053	2.49515405937189	28.7589612199398	73.5555341864907	1.82321079417604	75.0282168974447	96.1740497756022	48.1846464644081	6.56676779245315	48.6091783705506	31.309705927236	82.3997104055591	116.310229485544	13.88240895315	25.1547681191241	55.1402545235593	23.9345098681569	65.5421411465547	45.2399079646212	0
20.0603774192038	44.7610049587462	0	31.6397087257452	76.2833413513068	3.71116690274097	72.4917168577211	94.6377882457636	45.606054092083	4.18332279055776	52.5011908451761	24.1520188566422	82.452628876159	113.643425902186	14.4861527542029	39.9716923377145	54.8787708110422	20.335209965154	52.4193062152572	52.1389035233423	15.0452472348513
2.30628634900352	45.3962005853673	1.97991698058277	28.204412063718	75.5719627169362	1.07020093907639	71.510793709831	93.2561675483182	44.7679928102657	3.0141847322286	53.3066597306175	22.5987677210029	82.3890570671958	112.97028522949	15.007360935529	78.5185980059909	85.9811665346336	36.4923950492483	12.1899958350444	90.5381753973477	53.6584772424945
0	44.6819237765218	1.79385227095209	27.9393352671462	74.5529079139104	0	68.5168574647874	90.8761631753894	41.8594828083196	0	60.0396178467385	23.7163599912044	88.5061040183467	117.657443739078	21.7492257721258	72.4049025526891	78.7269032441541	32.3324089521396	19.4023739675433	83.2395667783591	47.3499128208838
0.798885681183485	45.8393513228852	2.19170085778146	17.1249490501432	73.5672524823376	12.3275739519177	72.4958901130954	93.9245149818725	45.7524643904566	3.98937196310397	52.1136656179557	17.0608261502806	78.2943213728946	107.562321498451	13.8373461709101	84.4073084778801	87.9447192577815	43.2750428448084	9.5949204770024	94.3155093426977	59.3664889945068
18.4644974820762	58.8233199715121	21.1435878341402	29.5085246532523	75.5956557114891	13.5691250289029	76.6083112694804	97.4271179633268	61.7919646225947	3.74490960371542	53.8408226026135	12.8939100282304	77.5643299686402	105.235473912983	16.4071746226338	71.6085751504218	82.8940127867122	29.020193552449	18.6036750589124	85.569412539938	46.9767695233772
16.8212922529038	58.1037901465033	20.3757987671649	29.2479583795792	74.6468212034511	13.7158607815915	75.4015878092869	96.9487083410604	60.508100049167	2.59684633738695	64.0281656853794	30.384038564753	94.6102032169808	124.52864208248	26.6575131103578	78.5423337229777	86.2531284885459	36.395751931834	12.0578068581148	90.7212324242242	53.7051693462231
19.3498154536445	59.4132808605862	21.8621900195291	32.1575946201453	77.3652758392291	15.9105222164453	72.8698664263055	95.4310761643711	57.9285748380711	1.04621176154734	48.5807320457	28.4933531583438	81.0268850320565	114.1922014322	12.2754145326991	71.4797271823445	82.4934364755912	29.0499565140191	18.7443965177436	85.2567550443183	46.8102567591901
1.50780888046198	64.4050593383385	19.6823549061082	28.7504021100853	76.6727193116952	12.2138160134333	71.879465636923	94.0492124675162	57.0952612548537	0.987274196968606	56.725236223427	29.0999441352316	88.3947623876641	119.959006099199	19.8570156025547	86.7656667619745	90.1914424805369	45.3216419880172	7.85024261854371	96.7443341642419	61.7467263870636
0.798885681183485	65.3599747802652	20.6018027436921	28.4636852236249	75.6520687649717	12.3275739519177	68.8821558282375	91.6861120798565	54.1865491708044	3.98937196310397	56.3455327627674	29.4443007196656	88.2398554823278	119.992087454115	19.6383396857677	46.7984047504923	63.516664317649	14.3787703731891	43.8659844681833	61.6372548537847	21.7785532536438
0	64.3634795802161	19.6275402208224	17.792528371471	74.7129446315697	0	72.8638709032508	94.7109512921288	58.0795914904711	0	43.0131780773567	27.5132256920994	75.0109110319186	108.826563361095	6.33593480150325	82.7312686587725	88.6895980815112	40.7258576411842	8.63355395245782	94.0695841837972	57.8251145697862
NA	62.9880658965617	0.743785264710186	NA	92.3987768390902	NA	NA	116.377738581096	NA	NA	50.9280573160306	24.1689346065337	81.0288072935725	112.556469990654	12.9251487381925	81.059475322753	87.7899081120945	38.9588145171282	9.85910471391799	92.7814627275972	56.186338307198
NA	63.9388653101351	0.59994360568307	NA	91.4828575365352	NA	NA	115.891747847765	NA	NA	50.1840615792286	18.9968307123901	77.4822685864454	107.690938871592	11.7445338543528	69.4544134299355	76.397226403361	29.8852515075982	22.2499150457794	80.4392758389638	44.3857257243959
NA	62.7721116676156	1.97991698058277	NA	94.3633418571534	NA	NA	114.355608579029	NA	NA	25.6956134473143	25.2941018785981	64.8937054813862	93.287750283705	8.84857600026129	75.9236711879609	86.3572260304116	32.9762923744559	14.2908117950521	89.6536892514419	51.3154034614997
NA	63.4426523769428	0	NA	93.3002359201733	NA	NA	112.974049930106	NA	NA	31.9212569107703	26.79259038489	71.9038669150172	100.633384922512	4.75953922849681	53.3734946069123	57.8657485354169	25.794232076883	41.8974022778274	60.7443155805348	28.5658959132914
NA	62.7275295124366	0.717586176009546	NA	92.3201929448265	NA	NA	110.587460722498	NA	NA	34.5289498509439	22.4051668266965	73.5193271001041	100.520152153198	0	83.3982444088987	94.6848233542018	39.296584385445	8.29798492011163	98.1279760959478	59.1209414032059
NA	63.886071785559	0.443792068428449	NA	89.8706077033532	NA	NA	113.643195027639	NA	NA	30.7728820251029	27.7682965478619	70.9351092402063	100.085431963148	6.04780528787923	76.3429078513152	84.4235053966868	34.408417390377	14.2589923221243	88.6052709495598	51.4915024386287
NA	76.5432316961049	19.2352091501496	NA	91.6157913227845	NA	NA	115.602676191038	NA	NA	43.4622748429129	22.0213108674212	82.0906310620134	107.607862669926	8.93996356906134	53.4516156814329	65.1500870873217	18.914988287694	37.9174864802455	65.8112792677828	28.3233063037933
NA	75.8421650592044	18.4622090674437	NA	90.6993186248386	NA	NA	115.114755676803	NA	NA	45.9177846019045	33.9507075220827	86.5117772967357	115.417861343945	15.2266395705717	54.6042338798925	67.043719184723	18.398057237926	36.3754154292429	67.6253360121966	29.5371517893466
NA	77.110590522947	19.9550944272384	NA	93.5777240713301	NA	NA	113.575635867998	NA	NA	45.0470235557123	32.9741232988839	85.5696943368387	114.340513561248	14.1161144209765	62.9282544866263	71.7225230563147	24.6454067003489	28.5113821907953	74.4928241797296	37.8425803214118
NA	82.4358312422796	19.0358626282078	NA	92.5199942638347	NA	NA	112.194128339811	NA	NA	46.2626337123223	26.0436344097286	85.5530853773118	111.788109885925	12.0337808764536	46.5237879523755	62.8931179502782	14.8544509642598	44.2521337358279	61.0721620217927	21.4626899887805
NA	83.3737247537952	20.0560848407659	NA	91.5392337047345	NA	NA	109.805037198163	NA	NA	46.5263261555019	24.5407414605272	85.4709268722262	111.140382334179	12.0591309009779	88.6437964374834	95.7529920027568	45.4545801944095	1.61152591353661	101.044694210941	63.9540336447272
NA	82.3448830936058	19.243202430209	NA	89.1168832485181	NA	NA	112.864304244035	NA	NA	53.087738481624	26.0106321661047	91.5548496812179	115.905981598019	18.5589080098184	62.7100861982895	80.1717538372892	18.9803172029052	28.0099966794875	79.9184494792185	38.7219876391412
NA	64.9129196620365	0.587148941921894	NA	93.0748704437992	NA	NA	117.09785702309	NA	NA	43.5129310048059	18.8506119143146	81.3228403680301	105.774141507904	9.54379060711204	35.908395398671	61.5092516929153	17.0183885133816	39.7491884350159	63.3506841707657	10.6645896237267
NA	65.8816197440531	1.27409098968638	NA	92.1599306103254	NA	NA	116.612216165546	NA	NA	43.9605532868389	14.7659198136147	80.5313322794432	103.510462667752	11.7167588013921	13.9989579226455	53.561996626908	27.1513338718174	63.1285573347507	47.3185501211206	15.0452472348513
NA	64.6713406355551	1.79385227095209	NA	95.0441694567321	NA	NA	115.076467290102	NA	NA	58.512141012266	32.7381483506994	97.6940491246135	122.759939540847	24.2277732698426	25.6572471229826	52.8294874687698	22.8136343534497	50.1458895159204	52.961853187229	0
NA	65.3789913554041	0.717586176009546	NA	93.9716393370362	NA	NA	113.694903847974	NA	NA	43.986472476308	30.1472354901755	84.1781640144289	112.250396433198	11.7781830969127	65.8772740964841	83.5475257969044	34.6099766945082	10.0954271917735	90.4341947391743	40.2766872928013
NA	64.6628427096273	0	NA	92.9928062732812	NA	NA	111.308471128661	NA	NA	51.7742312623616	31.1973463966024	91.5157180496312	118.103457419203	18.0970321863144	59.1343694839583	76.3023203938281	30.9676226784104	17.4279676469289	83.0931607067326	33.4775914960754
NA	65.8226798929518	1.16114455603082	NA	90.5031090252705	NA	NA	114.363935573502	NA	NA	51.5431982674824	31.521288389977	91.3656114039856	118.128078819196	18.0056309756809	71.0726390228399	85.475380932816	41.4967084906743	8.9140931165206	93.9027313675811	45.421027211776
NA	78.6883082198366	19.7187281661369	NA	92.4304537875369	NA	NA	108.679559149824	NA	NA	37.9180214404615	28.7464231394516	78.1690460786263	106.842292039025	7.29583670560821	59.6252344699499	80.5137550448344	27.1242233601185	16.1565338343223	85.7753274640354	34.2781296147865
NA	77.9831311033354	18.9407579227971	NA	91.4608758131038	NA	NA	108.388082350413	NA	NA	44.7382371823231	25.9543969560631	84.1364521424151	110.68304513792	10.6353509605654	65.9669604883725	83.8212401498904	34.486411178254	9.91633295758064	90.6346459619769	40.3792760260124
NA	79.2604380498241	20.4394364618988	NA	93.9990730271315	NA	NA	107.183586789443	NA	NA	42.1646240183295	20.6417442338052	80.5410235239864	105.861333379357	7.76341152691364	59.4108131570449	80.1111303248207	27.1966594182153	16.3186450136156	85.4444072065393	34.0296496138896
NA	84.3472007291884	19.7447485615796	NA	93.6496316727941	NA	NA	105.812956446174	NA	NA	42.8749574081246	24.9800804323145	63.11946895213	91.9617651603801	6.83617306896922	73.5048330240597	87.7182394065225	43.4567036818257	7.76021265687996	96.3118678425359	47.8506471589978
NA	85.2680713008685	20.7583666703332	NA	92.6040791785114	NA	NA	103.744773575347	NA	NA	48.2770028333999	25.9452849210121	70.0139196021941	99.3052666188078	1.39982688661849	34.2378760054096	61.3728590811843	15.8906606319215	41.4953493619333	62.4463378789213	9.50093033358313
NA	84.2141031305327	19.9303731849155	NA	92.6054859793954	NA	NA	106.362291325921	NA	NA	51.5197114467434	21.4347111189328	71.8299081726414	99.175342716464	6.04780528787923	69.9098386556921	86.2365677893085	38.7927162040762	7.06217149182884	93.8367400248757	44.2721637384136
NA	64.2322226772327	1.08496034950592	NA	92.9630168239499	NA	NA	108.567738191509	NA	NA	46.9912322019076	26.9861711904449	69.0006453900976	98.7623671269578	0	68.3550376468838	85.3452532166259	37.0257209004767	7.9646907767973	92.6119781181684	42.7361953132108
NA	65.1951314270905	0.324448100626279	NA	91.9910555532439	NA	NA	108.293820186103	NA	NA	60.4200562338699	20.4357760057113	80.5030199665578	106.248108120194	13.8872454732392	56.1574142894177	73.9877833719757	28.69715714785	20.1941670370035	80.356877294119	30.5012765731617
NA	63.9989942028748	2.19170085778146	NA	94.5003375262755	NA	NA	107.119853464472	NA	NA	61.0249817230747	32.4063747586798	84.488830260396	114.082921573038	15.688488178279	63.9476411802695	83.9545565095999	30.9145939580904	11.8242443159637	89.7740593239634	38.555340515214
NA	64.6945717003336	0.443792068428449	NA	94.203310789218	NA	NA	105.751734589367	NA	NA	60.2977388370211	31.4509107241746	83.5690210169414	113.004714813586	14.6943444011633	38.1438966703325	55.5369966699506	26.8670113495733	39.895506934091	60.6614317847049	13.5215641714411
NA	63.9787270145444	1.16114455603082	NA	93.1546211682491	NA	NA	103.713800731532	NA	NA	62.759716874116	24.3668824254889	83.8540334349851	110.431569751379	15.7717241234305	72.0337911982515	92.2694937565412	36.8470984659362	5.86666327723008	98.271597527628	46.8225351090957
NA	65.1381908786052	0	NA	93.3268230592899	NA	NA	106.289919586008	NA	NA	63.2423511901609	22.8310391130023	83.8386865124344	109.780208304088	16.3440584915816	63.7493534296568	82.0002739628131	32.5801775665266	12.068834754706	88.5572524895962	38.1668764261958
NA	77.9369224379023	18.9577678667611	NA	91.4703815171884	NA	NA	106.713282187036	NA	NA	69.9434533236385	24.0953186945182	90.0300117755429	114.536649784593	23.0919363660651	40.1042983766391	62.8827584624084	19.4220678809338	35.6497407505525	66.2031513984229	14.5018209165642
NA	77.2330415133031	18.1884142533097	NA	90.4965032511754	NA	NA	106.44413164064	NA	NA	60.8266531879545	17.2348815610697	79.8666790764841	104.408628153846	15.2319068634265	41.6009928242452	64.7733936435324	18.6024335378466	34.0713477520335	68.0530092745214	16.0975875091549
NA	78.5075456933001	19.676820122164	NA	92.9805854802496	NA	NA	105.279143685062	NA	NA	61.6305893107773	13.0916266660068	79.2529328953831	102.138493297768	17.7445770062321	49.6479023700952	69.3589656660738	23.9457717085418	26.3262742625613	74.5906066724685	24.0021691305369
NA	83.6715698308189	18.5952028835396	NA	92.7291971548336	NA	NA	103.911848006135	NA	NA	74.8493572122032	30.7947855008344	96.0490123910517	121.39247375785	27.893859439425	33.8032006816292	60.7492394093259	16.4322071549016	41.893262130462	61.8628491217055	8.93328624431681
NA	84.5980504528893	19.6187769246709	NA	91.6778731121638	NA	NA	101.883759840565	NA	NA	59.7226357726758	28.6300419905403	82.2708405226427	110.908801964696	13.2755854896159	76.3689192085818	93.2967790253233	43.2051330039615	1.43850796313403	100.865942497367	50.8093143051833
NA	83.5523095773396	18.8142355117076	NA	92.0202709170648	NA	NA	104.446623686216	NA	NA	67.7907094692864	29.3937949890721	89.7347947673454	116.747048540148	21.0106809253675	52.0431277678216	77.9003619340045	16.9720257726914	25.4524859697221	80.6158293163545	27.7891695170978
NA	NA	19.9788658249161	NA	NA	NA	NA	NA	NA	NA	67.4892267891972	29.7301554123772	89.5653686184906	116.772952625975	20.7715826685426	36.154336038185	63.0967139993233	18.5785071644199	38.5524577061489	61.9600980722949	30.048562543383
NA	NA	18.6682554353641	NA	NA	NA	NA	NA	NA	NA	53.7664925253638	27.5229454259968	76.2328704128108	105.509550301053	7.23486202400571	14.6954220558683	54.5871533671696	24.9025818025943	61.9905073229031	44.1873708508992	53.6584772424945
NA	NA	21.1435878341402	NA	NA	NA	NA	NA	NA	NA	61.1931678190997	24.346913336456	82.4112474341148	109.329272177678	14.2027041043915	29.1925891717145	54.2832876468707	22.668975038561	48.9125229398863	51.3791337506667	40.2766872928013
NA	NA	19.2352091501496	NA	NA	NA	NA	NA	NA	NA	59.2726607207805	19.1243482771238	78.9897619086201	104.501032685921	13.1443599745933	64.842801804117	85.4005103965685	38.2599989290172	8.77210949101753	89.9920449883122	0
NA	NA	19.7187281661369	NA	NA	NA	NA	NA	NA	NA	45.0758611444407	24.3762171934224	62.2470629261084	89.1777985607903	17.7689510936415	59.2336488217466	78.1440032964296	34.4392639695798	16.0825339359319	82.7087924364538	7.363318154881
NA	NA	18.9577678667611	NA	NA	NA	NA	NA	NA	NA	50.5388005899675	25.4777499625163	69.1661292480828	96.5274905866329	12.4984914867957	71.0899170077839	87.377507401848	45.1230375906809	7.70956747165494	93.8525978998983	7.00610932218446
NA	NA	0	NA	NA	NA	NA	NA	NA	NA	53.7452404468349	21.0048804820237	70.9429521869939	96.457735409868	8.93996356906134	57.6700744159672	82.3030434302985	30.7728248821521	15.0514225595324	84.9426624961662	7.4871742607208
NA	NA	0.795753843848718	NA	NA	NA	NA	NA	NA	NA	49.2580524707382	26.4992923196073	68.1621152173258	95.9694069630526	13.8872454732392	64.8274825627311	85.6720015022154	38.1426033510771	8.6085256240311	90.1702939153888	0.382657668941834
NA	NA	0.721019451887391	NA	NA	NA	NA	NA	NA	NA	62.6538163463999	20.2856354238462	79.5990008000151	103.604122823882	0	57.5890191048606	81.9027530308377	30.8346887499193	15.1909533248707	84.6350036115932	7.44255193465252
NA	NA	18.4146422297584	NA	NA	NA	NA	NA	NA	NA	63.3274434747685	32.2346704112203	83.6720044384022	111.326954179121	11.9870561783786	73.3692070974983	89.6264212190245	47.1060664874494	6.79724772904445	96.2858431981047	8.84676969251489
NA	NA	19.8024863229343	NA	NA	NA	NA	NA	NA	NA	62.5981808924988	31.2669932564678	82.7470751388833	110.251800413145	11.0670766295713	33.9930406741512	62.917614092231	17.0962760200255	40.3221124906285	60.8708086991039	31.9004970127818
NA	NA	20.8071561483063	NA	NA	NA	NA	NA	NA	NA	65.0235626514235	24.2776380657098	82.9704684011221	107.768956067439	4.40073848214638	69.1065942801091	88.1150873842272	42.4558475701522	5.68656536496328	93.5570077516912	4.27407133964795
NA	NA	19.2056941777693	NA	NA	NA	NA	NA	NA	NA	65.4941741653411	22.7652871074942	82.9429263337437	107.138469974796	3.5371732162744	67.3862839009661	87.2124943718502	40.6881925478387	6.59401434332683	92.2521228642463	2.54554766963811
NA	NA	17.8973271149633	NA	NA	NA	NA	NA	NA	NA	72.1888787945096	24.2314542338342	89.1163199749765	111.959651456292	9.63191359699224	56.3614579507841	75.8110839342665	32.0854104891055	18.8700167302629	79.8927113122618	10.0994470519727
NA	NA	20.3757987671649	NA	NA	NA	NA	NA	NA	NA	63.0276311579937	17.1024917363553	78.9406605128821	101.802589224322	3.22724615374533	61.9163519907883	85.7697434681578	34.5983731682806	10.7439453130403	89.047630832053	4.31671720204138
NA	NA	18.4622090674437	NA	NA	NA	NA	NA	NA	NA	63.7811036767011	12.9969410091029	78.3000190760903	99.5867995708774	7.42892588455047	42.5744368492843	57.2696852793701	28.5362442220433	38.5631839300401	60.2137286853264	29.8004833478268
NA	NA	18.9407579227971	NA	NA	NA	NA	NA	NA	NA	77.1249074304819	30.976060757598	95.1567614718702	118.799735000826	15.6522734381534	69.0131638404442	94.0997431828504	40.5443322172705	5.7683491390865	97.5120730731041	9.14251507439829
NA	NA	18.1884142533097	NA	NA	NA	NA	NA	NA	NA	62.0132943258468	28.4421516814059	81.4284464290343	108.177510486848	8.27969932918243	62.6708251408899	83.8402416066796	36.2155420193099	10.7839058368663	88.0449146386229	2.17708356330206
NA	NA	0.795753843848718	NA	NA	NA	NA	NA	NA	NA	70.0760712132579	29.4051843084107	88.8675047504069	114.08331391149	10.5989578604995	40.8863815933521	64.5509023284075	21.6265374600189	34.4119472501572	65.1486652389717	25.7812354292109
NA	NA	0	NA	NA	NA	NA	NA	NA	NA	69.7766770507746	29.730504581189	88.7018679060937	114.10238071625	10.7111007841801	41.7356545488339	66.4446152735494	21.0598073542946	32.8534628952566	66.9518501943748	24.2907591983536
NA	NA	1.51081060692597	NA	NA	NA	NA	NA	NA	NA	56.0513712199836	27.1925975467295	75.3958356336369	102.74645479016	9.4139473375797	49.9826588227877	71.1295597736806	27.0581037306682	25.0483452639411	73.9014888577328	16.3266829800055
NA	NA	18.2133533763006	NA	NA	NA	NA	NA	NA	NA	63.4583944305314	24.2116477636054	81.5324245754712	106.652186977093	3.9471806294397	33.8489672061527	62.2940626267191	17.5612410450856	40.7115113633184	60.3108951843164	32.256673825824
NA	NA	19.6151165239975	NA	NA	NA	NA	NA	NA	NA	61.4933428737091	18.9333313816816	78.0793103541464	101.860476853078	1.76265404974104	74.6436846596656	95.1796646991888	46.909251843533	1.99962078654929	100.514413635906	10.5795633078308
NA	NA	20.5583248821493	NA	NA	NA	NA	NA	NA	NA	44.3064044796066	25.365819548615	57.6852388906287	92.7958287614422	22.2632046476894	48.3039415058492	79.5726401942835	20.6344535908974	24.5310169442871	79.1674249604274	17.6412303837941
NA	NA	20.698777441192	NA	NA	NA	NA	NA	NA	NA	49.7511224974281	26.2534495659618	64.0422370992184	100.136195179678	14.9124345742907	35.5744748359607	62.4669045711119	17.5925927969814	35.5712617202202	71.30494125618	23.612501128631
NA	NA	19.3876943056672	NA	NA	NA	NA	NA	NA	NA	52.968428352007	21.7222569768452	66.5336079655996	99.9798771884528	15.2266395705717	15.2312117083606	53.8745553959835	24.1181646843391	58.9830736471312	56.1312050196547	47.3499128208838
NA	NA	21.8621900195291	NA	NA	NA	NA	NA	NA	NA	48.4689078697014	27.305302301934	62.8880409518376	99.600150476292	15.688488178279	29.2010641570628	53.6215075265224	21.6039961440216	45.9626274454464	61.0888664468214	33.4775914960754
NA	NA	19.9550944272384	NA	NA	NA	NA	NA	NA	NA	61.8746050720682	20.5582905061779	75.4340025562081	107.021034965349	11.9870561783786	63.8314096105702	84.8879469282324	37.9545430330336	6.04584335708427	97.5610634599661	7.363318154881
NA	NA	20.4394364618988	NA	NA	NA	NA	NA	NA	NA	62.5289388760884	32.5376131945784	77.8634633994661	114.903531164973	0	58.3892555007375	77.6239286865101	33.9617124401053	13.4088288666982	90.1989122325249	0
NA	NA	19.676820122164	NA	NA	NA	NA	NA	NA	NA	61.800079671515	31.5897609870667	77.0307724158339	113.824015435057	1.11244136025231	70.1740750583148	86.9056245254586	44.7807841746881	7.27829404462337	100.665432014012	12.0178969920864
NA	NA	0.721019451887391	NA	NA	NA	NA	NA	NA	NA	64.2353808398082	24.4504944341336	78.3585626720246	111.212087018694	8.6440133443673	56.5900188467507	81.7513061131233	30.4708011856203	12.0372635817947	93.2395292379721	6.73267497153992
NA	NA	1.51081060692597	NA	NA	NA	NA	NA	NA	NA	64.7095478617139	22.9009963464702	78.5740048881832	110.55200383368	10.3541890636322	63.803797509001	85.1578478755986	37.8470206681001	5.82595691947683	97.7798449711829	7.59329420249209
NA	NA	0	NA	NA	NA	NA	NA	NA	NA	71.4062100490426	24.0396181907783	85.0651289230458	115.281459416414	14.5040938107281	56.5252035432726	81.3522933953702	30.5174016083021	12.1787757403772	92.891473200999	6.3042129826014
NA	NA	18.7422567798011	NA	NA	NA	NA	NA	NA	NA	62.2584854693535	17.3488716373169	75.2595696034471	105.165937072981	15.2109474183596	72.4258011861795	89.1605074416358	46.7953134004892	7.36513565183969	103.043133284205	14.4141730956167
NA	NA	20.1168854393517	NA	NA	NA	NA	NA	NA	NA	63.0277627997353	13.1873327120423	75.2649417719173	102.87380146708	19.4090988822794	33.3913482834536	62.276166187996	16.0759606537494	37.3272760051266	70.5210195537034	25.6066361559362
NA	NA	21.1708848527878	NA	NA	NA	NA	NA	NA	NA	76.3333819979961	30.7084585521709	90.6149831854887	122.143384507678	15.6079414312843	68.1023725601392	87.6220132191106	42.1698625642769	4.13619284487559	100.80929130039	10.909652423171
NA	NA	19.4569705730363	NA	NA	NA	NA	NA	NA	NA	61.217572405035	28.7720261449224	76.0716758288662	111.718701774386	3.85025086456714	66.3703855990757	86.7104437954276	40.4018939944652	4.28340211047247	99.6596957318354	9.54336707752563
NA	NA	18.5716075655825	NA	NA	NA	NA	NA	NA	NA	69.2817837238996	29.4138288435151	83.8939047501521	117.52773885256	8.4373768328551	55.5488715940333	75.2792583182938	31.5565140922821	16.1021131987202	87.5424279064208	2.97991295872883
NA	NA	19.6823549061082	NA	NA	NA	NA	NA	NA	NA	68.9818222195797	29.7569071522579	83.6596225960654	117.556532157844	7.92219460655316	60.8031429310985	85.23251845948	34.3596818157212	7.73273875167136	97.1402180469421	8.14514318747068
NA	NA	19.0358626282078	NA	NA	NA	NA	NA	NA	NA	55.2571797041072	27.7504303665799	70.0071732823601	106.333662393761	8.6006765200419	42.4274466839816	56.6920729856133	27.5482370943061	35.8076727284824	67.9449179113351	22.4961000746374
NA	NA	19.7447485615796	NA	NA	NA	NA	NA	NA	NA	62.6698016020356	24.4585252307023	76.8424145971279	110.115959374247	8.17264997371722	67.7538002577007	93.5715039611013	40.4753979393211	4.68633970753295	105.638935990878	16.0151776565732
NA	NA	18.5952028835396	NA	NA	NA	NA	NA	NA	NA	60.7181071894275	19.2722539750868	74.0666556027481	105.272629127803	13.3108721603406	61.6654883263597	83.3187495869351	35.8902212199145	7.925230210057	95.7506928045102	5.70026503485584
NA	NA	18.4146422297584	NA	NA	NA	NA	NA	NA	NA	NA	33.9075318910548	NA	NA	21.2212180797168	40.2993912402855	63.9470189009902	20.7329794278488	31.4669335395046	73.9149488907693	19.1049720999116
NA	NA	18.2133533763006	NA	NA	NA	NA	NA	NA	NA	NA	30.3104362756873	NA	NA	13.88240895315	41.0554219067348	65.8417195654093	20.2209723398753	29.8886107132801	75.7890036474052	17.8132146517803
NA	NA	18.7422567798011	NA	NA	NA	NA	NA	NA	NA	NA	25.9649218889274	NA	NA	14.1161144209765	49.2369868400941	70.5687057495431	26.4032816390993	22.1615393190455	81.9863762537421	9.52738105271328
NA	NA	0	NA	NA	NA	NA	NA	NA	NA	NA	31.7070666194462	NA	NA	14.6943444011633	33.2878373084765	61.6526728928244	16.5331774071895	37.7211507705372	69.9257014068458	25.8928767304755
NA	NA	1.43656385169612	NA	NA	NA	NA	NA	NA	NA	NA	18.2386074799148	NA	NA	11.0670766295713	73.510209716066	94.6899978528355	46.7518117305629	5.00395809834575	107.879515184717	17.8058550870886
NA	NA	2.66135098962914	NA	NA	NA	NA	NA	NA	NA	NA	26.9019527255922	NA	NA	1.11244136025231	47.0800736429001	78.9694192322123	20.3684358600974	21.5765701830689	88.5432718821774	14.7962818184198
NA	NA	20.4447266770676	NA	NA	NA	NA	NA	NA	NA	NA	26.4811648431484	NA	NA	0	35.7394695901604	63.4781408844367	26.3102262698062	39.4900425006659	77.6017163484958	35.6295708505225
NA	NA	19.6121439391516	NA	NA	NA	NA	NA	NA	NA	NA	18.8595316655425	NA	NA	7.95615775997435	14.9878156701402	55.025427983496	19.7834597457295	62.9485898489625	59.6078963317017	59.3664889945068
NA	NA	20.6018027436921	NA	NA	NA	NA	NA	NA	NA	NA	17.3346852683007	NA	NA	9.65895346002045	29.156859647817	54.685937692106	25.3878053239917	49.8303986441499	67.0438332419388	45.421027211776
NA	NA	20.0560848407659	NA	NA	NA	NA	NA	NA	NA	NA	12.6502413845903	NA	NA	14.2371292851614	64.1554580388918	85.70597430916	50.2080763445325	9.63188638753593	105.323212106707	7.00610932218446
NA	NA	20.7583666703332	NA	NA	NA	NA	NA	NA	NA	NA	16.4792009326332	NA	NA	14.2943120236722	58.6535122949172	78.4544016985688	45.88698946386	16.8984864943698	98.0053809169293	12.0178969920864
NA	NA	19.6187769246709	NA	NA	NA	NA	NA	NA	NA	NA	14.9170276304665	NA	NA	18.4960020008676	70.4650321927238	87.6570463059303	56.9777944160706	7.92770742270425	108.957967189004	0
NA	NA	19.8024863229343	NA	NA	NA	NA	NA	NA	NA	NA	16.3810454257474	NA	NA	15.8452986546294	56.9374742363867	82.6336256212058	42.7357145027154	16.0230328279511	100.44372111909	14.4058835525489
NA	NA	19.6151165239975	NA	NA	NA	NA	NA	NA	NA	NA	24.4352700974247	NA	NA	2.82824732053263	64.1321977806873	85.9784751345335	50.1115265673238	9.48630194436167	105.512833545667	7.20925854132032
NA	NA	20.1168854393517	NA	NA	NA	NA	NA	NA	NA	NA	19.6300628920439	NA	NA	8.55310520943125	56.8668800230152	82.2325218927305	42.7655715843294	16.1572489953705	100.127104415889	14.3062163030761
NA	NA	1.43656385169612	NA	NA	NA	NA	NA	NA	NA	NA	20.1777521155876	NA	NA	8.07273004442115	72.7267154806513	89.9021272645425	59.0354626038452	6.71609237652372	111.376529336885	2.45189058687373
NA	NA	0	NA	NA	NA	NA	NA	NA	NA	NA	27.5561812615682	NA	NA	7.55449183826417	33.5630152256394	63.3066815145676	24.2602922291324	41.2692769897523	76.5401400732903	37.6133958222187
NA	NA	1.89166914919074	NA	NA	NA	NA	NA	NA	NA	NA	20.0662333294243	NA	NA	7.33566332480574	68.4243583175144	88.4080826285131	54.4412798465466	6.30287592849487	108.802296666615	3.56645101606625
NA	NA	19.5762674197611	NA	NA	NA	NA	NA	NA	NA	NA	18.6131244093583	NA	NA	12.3338930249013	66.6963196475608	87.5112225929909	52.6740944392972	7.36838528444326	107.541211584955	4.9875944422136
NA	NA	18.8366137620327	NA	NA	NA	NA	NA	NA	NA	NA	33.244398027952	NA	NA	20.7710712190994	55.801443293897	76.1290358060602	43.3357050417367	19.7161790750744	95.228702508269	14.9896075588522
NA	NA	19.6275402208224	NA	NA	NA	NA	NA	NA	NA	NA	29.7499431359541	NA	NA	14.4861527542029	61.1629458813357	86.090964301311	46.6709278686593	11.7220267031602	104.509371379573	11.1969067886448
NA	NA	19.243202430209	NA	NA	NA	NA	NA	NA	NA	NA	25.3671267467189	NA	NA	12.0337808764536	42.4436140349016	57.6174340496182	35.5927005284806	39.3918796001422	75.5228746469446	33.831936261735
NA	NA	19.9303731849155	NA	NA	NA	NA	NA	NA	NA	NA	31.1446027319341	NA	NA	15.7717241234305	68.1663510943046	94.4150847987248	52.7571461989217	6.51738260426684	112.991372773316	11.964112635645
NA	NA	18.8142355117076	NA	NA	NA	NA	NA	NA	NA	NA	17.7663370652817	NA	NA	4.40073848214638	61.9871250503199	84.1514333633029	48.1215063251599	11.678682434179	103.410012887468	8.92495197221812
NA	NA	20.8071561483063	NA	NA	NA	NA	NA	NA	NA	NA	26.6954432750235	NA	NA	8.6440133443673	40.4687406146176	64.9154238475541	30.4792529445785	35.3287122441167	80.7105315158536	31.1123451628385
NA	NA	20.5583248821493	NA	NA	NA	NA	NA	NA	NA	NA	26.245218223707	NA	NA	7.95615775997435	41.2578819508176	66.8084606711605	30.5087553002413	33.7815485762568	82.5289365486433	29.8293372492585
NA	NA	21.1708848527878	NA	NA	NA	NA	NA	NA	NA	NA	18.5510586937673	NA	NA	0	49.4647228684767	71.466202181322	37.7179823324313	25.9390884489336	89.3375893934776	21.5407249088233
NA	NA	2.66135098962914	NA	NA	NA	NA	NA	NA	NA	NA	16.9960580081865	NA	NA	1.71018216080072	33.4451486554209	62.68310084134	24.4745705501363	41.6552890191102	75.9770086195923	37.9069133206807
NA	NA	1.89166914919074	NA	NA	NA	NA	NA	NA	NA	NA	12.57134012651	NA	NA	7.61998597626006	73.8785075156476	95.4703703053989	59.0785053129309	1.01501760083261	115.803003602022	8.36404597129882
NA	NA	0	NA	NA	NA	NA	NA	NA	NA	NA	15.9127213402391	NA	NA	7.26192224282938	47.4772022515491	79.9364940349582	32.6737971840571	25.518271337042	94.8270660439777	24.5577614360287
NA	NA	NA	NA	NA	NA	NA	NA	NA	NA	NA	14.2286980343986	NA	NA	11.2810496884155	NA	81.4431454996331	NA	NA	76.5697931160872	23.7363089989071
NA	NA	NA	NA	NA	NA	NA	NA	NA	NA	NA	16.618197622137	NA	NA	12.2596451411287	NA	70.1248818421457	NA	NA	58.6984137272286	46.9767695233772
NA	NA	NA	NA	NA	NA	NA	NA	NA	NA	NA	24.1423158518005	NA	NA	5.60235077738801	NA	72.0862202440584	NA	NA	66.0210610270003	34.2781296147865
NA	NA	NA	NA	NA	NA	NA	NA	NA	NA	NA	19.5743056291047	NA	NA	6.31567175920344	NA	104.594023181788	NA	NA	104.246214141361	7.4871742607208
NA	NA	NA	NA	NA	NA	NA	NA	NA	NA	NA	20.116443139683	NA	NA	6.36931442157631	NA	97.3192092297836	NA	NA	96.9261920817299	6.73267497153992
NA	NA	NA	NA	NA	NA	NA	NA	NA	NA	NA	27.1194234468287	NA	NA	9.57075362269869	NA	106.6125244476	NA	NA	107.867012769336	14.4058835525489
NA	NA	NA	NA	NA	NA	NA	NA	NA	NA	NA	19.7186684973631	NA	NA	1.57851817249597	NA	101.353042134095	NA	NA	99.3838610275008	0
NA	NA	NA	NA	NA	NA	NA	NA	NA	NA	NA	18.0821407830563	NA	NA	6.1407103877732	NA	104.861804001789	NA	NA	104.436723124635	7.37693420333949
NA	NA	NA	NA	NA	NA	NA	NA	NA	NA	NA	34.4353136432486	NA	NA	20.8962680789006	NA	100.959472710035	NA	NA	99.066122117515	0.459860211803543
NA	NA	NA	NA	NA	NA	NA	NA	NA	NA	NA	30.7310672732416	NA	NA	15.007360935529	NA	108.859609701487	NA	NA	110.284777891466	16.3335597453709
NA	NA	NA	NA	NA	NA	NA	NA	NA	NA	NA	26.4256096035664	NA	NA	12.0591309009779	NA	81.0792097397163	NA	NA	75.5190179149656	25.4035150747077
NA	NA	NA	NA	NA	NA	NA	NA	NA	NA	NA	32.1292244637184	NA	NA	16.3440584915816	NA	107.340718857384	NA	NA	107.719087970564	11.7056890819635
NA	NA	NA	NA	NA	NA	NA	NA	NA	NA	NA	18.5797053421739	NA	NA	3.5371732162744	NA	106.426256123994	NA	NA	106.460995220691	9.93888605919195
NA	NA	NA	NA	NA	NA	NA	NA	NA	NA	NA	26.982912774569	NA	NA	10.3541890636322	NA	94.9496408249678	NA	NA	94.1526332588547	7.28834835196563
NA	NA	NA	NA	NA	NA	NA	NA	NA	NA	NA	26.5898008405479	NA	NA	9.65895346002045	NA	104.8858949538	NA	NA	103.444576984575	4.33953908151546
NA	NA	NA	NA	NA	NA	NA	NA	NA	NA	NA	19.04379824472	NA	NA	1.71018216080072	NA	76.1768456147411	NA	NA	74.4463186951786	25.3634650902218
NA	NA	NA	NA	NA	NA	NA	NA	NA	NA	NA	17.5495611606741	NA	NA	0	NA	113.248188874173	NA	NA	111.92824745821	12.5890756757436
NA	NA	NA	NA	NA	NA	NA	NA	NA	NA	NA	12.6369450807701	NA	NA	6.75097919754468	NA	103.010928315633	NA	NA	102.335863655975	5.48414373385673
NA	NA	NA	NA	NA	NA	NA	NA	NA	NA	NA	16.9149643882599	NA	NA	5.92809953689721	NA	83.2172727358786	NA	NA	79.660783477415	19.8939891869378
NA	NA	NA	NA	NA	NA	NA	NA	NA	NA	NA	15.4800436268797	NA	NA	9.78102396689227	NA	85.1179878206716	NA	NA	81.4817175246693	18.1935308270715
NA	NA	NA	NA	NA	NA	NA	NA	NA	NA	NA	16.0758303059718	NA	NA	12.2237561291234	NA	90.1340271225668	NA	NA	88.2708951688698	11.2827715280599
NA	NA	NA	NA	NA	NA	NA	NA	NA	NA	NA	24.5988963291466	NA	NA	7.23807711501895	NA	80.4589885439508	NA	NA	74.9543408926901	25.8238944786103
NA	NA	NA	NA	NA	NA	NA	NA	NA	NA	NA	19.5804101424766	NA	NA	7.16538881303178	NA	114.408550495144	NA	NA	114.722394001912	17.0357463299851
NA	NA	NA	NA	NA	NA	NA	NA	NA	NA	NA	20.1323766454957	NA	NA	7.33671387566402	NA	98.2231214912808	NA	NA	93.8007356818	10.1602033924573
NA	NA	NA	NA	NA	NA	NA	NA	NA	NA	NA	27.8550341537468	NA	NA	10.6243099520995	NA	80.6478205057421	NA	NA	75.177779822522	30.1194269950542
NA	NA	NA	NA	NA	NA	NA	NA	NA	NA	NA	20.2857598861098	NA	NA	2.73727531108601	NA	69.3673987761751	NA	NA	59.284759173134	53.7051693462231
NA	NA	NA	NA	NA	NA	NA	NA	NA	NA	NA	19.0112858933553	NA	NA	5.27941120584818	NA	71.2944431128885	NA	NA	64.8690368954257	40.3792760260124
NA	NA	NA	NA	NA	NA	NA	NA	NA	NA	NA	43.136940901748	NA	NA	27.3983975710716	NA	103.810551177231	NA	NA	101.729006453393	0.382657668941834
NA	NA	NA	NA	NA	NA	NA	NA	NA	NA	NA	42.3812151337417	NA	NA	21.7492257721258	NA	96.5342165069899	NA	NA	94.3695751422904	7.59329420249209
NA	NA	NA	NA	NA	NA	NA	NA	NA	NA	NA	37.6217100170115	NA	NA	18.5589080098184	NA	105.839519106287	NA	NA	104.912747645353	7.20925854132032
NA	NA	NA	NA	NA	NA	NA	NA	NA	NA	NA	43.6401886751192	NA	NA	23.0919363660651	NA	100.562108389649	NA	NA	97.3112511846395	7.37693420333949
NA	NA	NA	NA	NA	NA	NA	NA	NA	NA	NA	32.763577693915	NA	NA	9.63191359699224	NA	104.077969579895	NA	NA	101.943299225679	0
NA	NA	NA	NA	NA	NA	NA	NA	NA	NA	NA	43.6537196330393	NA	NA	14.5040938107281	NA	100.168747763444	NA	NA	96.968505199773	7.35517712496443
NA	NA	NA	NA	NA	NA	NA	NA	NA	NA	NA	43.0070494502936	NA	NA	14.2371292851614	NA	108.088359384811	NA	NA	107.296869819597	8.97826901967189
NA	NA	NA	NA	NA	NA	NA	NA	NA	NA	NA	35.0509337480416	NA	NA	7.61998597626006	NA	80.284871809793	NA	NA	74.3336773635941	31.9567695393339
NA	NA	NA	NA	NA	NA	NA	NA	NA	NA	NA	33.3508549450931	NA	NA	6.75097919754468	NA	106.561940281322	NA	NA	105.014134063618	4.33453306846308
NA	NA	NA	NA	NA	NA	NA	NA	NA	NA	NA	30.4450659182469	NA	NA	0	NA	105.645234221568	NA	NA	103.847228959013	2.57487562177283
NA	NA	NA	NA	NA	NA	NA	NA	NA	NA	NA	29.891808633338	NA	NA	10.3456769027502	NA	94.1623281481634	NA	NA	91.6921153095052	10.2841310373993
NA	NA	NA	NA	NA	NA	NA	NA	NA	NA	NA	26.2631315241366	NA	NA	12.5029531714271	NA	104.097343098254	NA	NA	101.243289626523	4.03874291437323
NA	NA	NA	NA	NA	NA	NA	NA	NA	NA	NA	34.7956531569448	NA	NA	6.9496992812639	NA	75.3833328529994	NA	NA	72.0585800849482	29.9905488998201
NA	NA	NA	NA	NA	NA	NA	NA	NA	NA	NA	40.5238904317947	NA	NA	12.6455458506187	NA	112.461215048	NA	NA	109.744046887299	8.8003711003798
NA	NA	NA	NA	NA	NA	NA	NA	NA	NA	NA	37.4064400617273	NA	NA	7.00865811296285	NA	102.225526659834	NA	NA	99.9012172268466	2.21961633090046
NA	NA	NA	NA	NA	NA	NA	NA	NA	NA	NA	37.9228213648734	NA	NA	7.54693326034489	NA	82.4216897312449	NA	NA	77.8921055340655	25.8798567077641
NA	NA	NA	NA	NA	NA	NA	NA	NA	NA	NA	41.8689020956891	NA	NA	17.1877340711334	NA	84.3224153834554	NA	NA	79.757665804132	24.3720285431804
NA	NA	NA	NA	NA	NA	NA	NA	NA	NA	NA	35.8355768159088	NA	NA	9.16155530586919	NA	89.3420594826177	NA	NA	86.0750660082837	16.4541342576873
NA	NA	NA	NA	NA	NA	NA	NA	NA	NA	NA	32.2863191684647	NA	NA	11.0493586228513	NA	79.6646125590252	NA	NA	73.7442823859477	32.3189487813264
NA	NA	NA	NA	NA	NA	NA	NA	NA	NA	NA	44.3474410389923	NA	NA	17.9521252159626	NA	113.63062833629	NA	NA	112.077089445023	10.4463014682518
NA	NA	NA	NA	NA	NA	NA	NA	NA	NA	NA	43.7046709661851	NA	NA	13.8373461709101	NA	97.427433094652	NA	NA	92.4350174472213	17.5145961880056
NA	NA	NA	NA	NA	NA	NA	NA	NA	NA	NA	38.9458631572867	NA	NA	9.54379060711204	NA	82.1484197706103	NA	NA	74.8123703306305	23.5112334248036
NA	NA	NA	NA	NA	NA	NA	NA	NA	NA	NA	44.955575210423	NA	NA	15.2319068634265	NA	70.7627907493967	NA	NA	59.3750618530149	46.8102567591901
NA	NA	NA	NA	NA	NA	NA	NA	NA	NA	NA	34.1750012200264	NA	NA	3.22724615374533	NA	72.7800065768677	NA	NA	64.5724045043624	34.0296496138896
NA	NA	NA	NA	NA	NA	NA	NA	NA	NA	NA	45.0878763077171	NA	NA	15.2109474183596	NA	105.315040639305	NA	NA	101.095157547906	7.44255193465252
NA	NA	NA	NA	NA	NA	NA	NA	NA	NA	NA	44.439196543592	NA	NA	14.2943120236722	NA	98.040162085425	NA	NA	93.7328097811822	6.3042129826014
NA	NA	NA	NA	NA	NA	NA	NA	NA	NA	NA	36.4830394137002	NA	NA	7.26192224282938	NA	107.332203810413	NA	NA	104.183472467534	14.3062163030761
NA	NA	NA	NA	NA	NA	NA	NA	NA	NA	NA	34.7823487003227	NA	NA	5.92809953689721	NA	102.07241065566	NA	NA	96.7759046686825	0.459860211803543
NA	NA	NA	NA	NA	NA	NA	NA	NA	NA	NA	31.8739731248302	NA	NA	10.3456769027502	NA	105.582814608759	NA	NA	101.314387169438	7.35517712496443
NA	NA	NA	NA	NA	NA	NA	NA	NA	NA	NA	31.2895638919768	NA	NA	0	NA	101.678953557235	NA	NA	96.4280690671014	0
NA	NA	NA	NA	NA	NA	NA	NA	NA	NA	NA	27.6329870368026	NA	NA	4.20171300809563	NA	109.578860410072	NA	NA	106.558975804298	16.2779279814232
NA	NA	NA	NA	NA	NA	NA	NA	NA	NA	NA	36.1813132389415	NA	NA	17.018552840418	NA	81.7802521940529	NA	NA	74.014114679144	25.2021210181306
NA	NA	NA	NA	NA	NA	NA	NA	NA	NA	NA	41.9517351749138	NA	NA	11.5036859658111	NA	108.061446515628	NA	NA	104.337977806343	11.6897003072106
NA	NA	NA	NA	NA	NA	NA	NA	NA	NA	NA	38.8383990082444	NA	NA	13.0399522734901	NA	107.147201437275	NA	NA	103.191303838028	9.92726934531344
NA	NA	NA	NA	NA	NA	NA	NA	NA	NA	NA	39.3554219488256	NA	NA	13.2457566654382	NA	95.6702837965081	NA	NA	91.0782028768882	6.82943043800873
NA	NA	NA	NA	NA	NA	NA	NA	NA	NA	NA	43.2601931430547	NA	NA	11.9930915998378	NA	105.606237540789	NA	NA	100.677386581027	4.53697698543865
NA	NA	NA	NA	NA	NA	NA	NA	NA	NA	NA	37.2623632199422	NA	NA	7.11214155677458	NA	76.8940840501407	NA	NA	71.4820855183854	24.998298867365
NA	NA	NA	NA	NA	NA	NA	NA	NA	NA	NA	33.6822601475511	NA	NA	2.39979181765496	NA	113.968897691846	NA	NA	109.176109055102	12.8814498538635
NA	NA	NA	NA	NA	NA	NA	NA	NA	NA	NA	43.8411100119614	NA	NA	19.0502697986774	NA	103.731847229876	NA	NA	99.2863345183324	5.38383464954116
NA	NA	NA	NA	NA	NA	NA	NA	NA	NA	NA	43.5097867725469	NA	NA	16.4071746226338	NA	83.9295008784134	NA	NA	77.4417075916958	19.6201772540515
NA	NA	NA	NA	NA	NA	NA	NA	NA	NA	NA	38.7597676317093	NA	NA	11.7167588013921	NA	85.8302846387567	NA	NA	79.3145794518324	17.9369730469887
NA	NA	NA	NA	NA	NA	NA	NA	NA	NA	NA	44.7328539479654	NA	NA	17.7445770062321	NA	90.8527326560385	NA	NA	85.523293223659	10.9181461355672
NA	NA	NA	NA	NA	NA	NA	NA	NA	NA	NA	34.3870601013405	NA	NA	7.42892588455047	NA	81.1601673256876	NA	NA	73.4202394799579	25.6150142052196
NA	NA	NA	NA	NA	NA	NA	NA	NA	NA	NA	45.5222237480772	NA	NA	19.4090988822794	NA	115.129161903707	NA	NA	111.409400341252	17.1677923776006
NA	NA	NA	NA	NA	NA	NA	NA	NA	NA	NA	44.8370131049114	NA	NA	18.4960020008676	NA	98.9344379278768	NA	NA	92.0556393277522	10.2530619015053
NA	NA	NA	NA	NA	NA	NA	NA	NA	NA	NA	36.889012007095	NA	NA	11.2810496884155	NA	79.0403740037735	NA	NA	80.3613199839052	38.0136889974441
NA	NA	NA	NA	NA	NA	NA	NA	NA	NA	NA	35.1813044938592	NA	NA	9.78102396689227	NA	73.0869762067011	NA	NA	65.7366876799653	61.7467263870636
NA	NA	NA	NA	NA	NA	NA	NA	NA	NA	NA	32.6044157668313	NA	NA	12.5029531714271	NA	71.1860392051482	NA	NA	70.2881994545607	47.8506471589978
NA	NA	NA	NA	NA	NA	NA	NA	NA	NA	NA	31.4233694401492	NA	NA	4.20171300809563	NA	97.9628073162994	NA	NA	105.914531212766	8.84676969251489
NA	NA	NA	NA	NA	NA	NA	NA	NA	NA	NA	27.6414939855663	NA	NA	0	NA	91.0017242133818	NA	NA	98.5547875503265	14.4141730956167
NA	NA	NA	NA	NA	NA	NA	NA	NA	NA	NA	37.1734511850649	NA	NA	19.447690364794	NA	98.8419205131102	NA	NA	108.707669889987	2.45189058687373
NA	NA	NA	NA	NA	NA	NA	NA	NA	NA	NA	42.2942604579877	NA	NA	15.7038144230757	NA	95.9420571086612	NA	NA	101.87580058117	16.3335597453709
NA	NA	NA	NA	NA	NA	NA	NA	NA	NA	NA	39.5215497871933	NA	NA	16.6129509366187	NA	98.2729194761385	NA	NA	106.147820961806	8.97826901967189
NA	NA	NA	NA	NA	NA	NA	NA	NA	NA	NA	40.0281368208926	NA	NA	16.892230061256	NA	95.5124182613256	NA	NA	101.51486858111	16.2779279814232
NA	NA	NA	NA	NA	NA	NA	NA	NA	NA	NA	43.3406816938589	NA	NA	15.7242754791723	NA	100.903074978367	NA	NA	111.052232606141	0
NA	NA	NA	NA	NA	NA	NA	NA	NA	NA	NA	37.5986671538886	NA	NA	11.2833786351607	NA	79.1775383278294	NA	NA	79.664152004352	39.9820899483369
NA	NA	NA	NA	NA	NA	NA	NA	NA	NA	NA	33.8013416081769	NA	NA	6.36327498565131	NA	100.127827467742	NA	NA	109.026994073543	4.76089448108231
NA	NA	NA	NA	NA	NA	NA	NA	NA	NA	NA	NA	NA	NA	33.0174976043385	NA	99.4739370090478	NA	NA	107.942708100244	6.48967053478064
NA	NA	NA	NA	NA	NA	NA	NA	NA	NA	NA	NA	NA	NA	26.6575131103578	NA	89.009314861493	NA	NA	95.9703711053969	17.391755935224
NA	NA	NA	NA	NA	NA	NA	NA	NA	NA	NA	NA	NA	NA	24.2277732698426	NA	98.9820465720203	NA	NA	105.689511332045	12.7838195223337
NA	NA	NA	NA	NA	NA	NA	NA	NA	NA	NA	NA	NA	NA	27.893859439425	NA	71.9471132003648	NA	NA	76.5185161830919	36.2820461219058
NA	NA	NA	NA	NA	NA	NA	NA	NA	NA	NA	NA	NA	NA	15.6522734381534	NA	106.981553911422	NA	NA	114.172306936216	11.907797470582
NA	NA	NA	NA	NA	NA	NA	NA	NA	NA	NA	NA	NA	NA	15.6079414312843	NA	96.6582897999463	NA	NA	104.163076314084	10.9144199904713
NA	NA	NA	NA	NA	NA	NA	NA	NA	NA	NA	NA	NA	NA	15.8452986546294	NA	79.7894198953946	NA	NA	82.7883931741666	33.5183445414239
NA	NA	NA	NA	NA	NA	NA	NA	NA	NA	NA	NA	NA	NA	12.2596451411287	NA	81.6327850506768	NA	NA	84.6755212302139	32.2122273685009
NA	NA	NA	NA	NA	NA	NA	NA	NA	NA	NA	NA	NA	NA	12.2237561291234	NA	85.1523279458971	NA	NA	90.5967410654357	23.9415433481553
NA	NA	NA	NA	NA	NA	NA	NA	NA	NA	NA	NA	NA	NA	6.9496992812639	NA	78.5588131760505	NA	NA	79.0617647074336	40.284285777901
NA	NA	NA	NA	NA	NA	NA	NA	NA	NA	NA	NA	NA	NA	17.018552840418	NA	107.016877502803	NA	NA	116.114930142856	6.88604384824842
NA	NA	NA	NA	NA	NA	NA	NA	NA	NA	NA	NA	NA	NA	19.447690364794	NA	94.6271387679713	NA	NA	97.5474825589882	26.4871503108753
NA	NA	NA	NA	NA	NA	NA	NA	NA	NA	NA	NA	NA	NA	0	NA	79.4150365575714	NA	NA	70.0162152281948	2.19982410890053
NA	NA	NA	NA	NA	NA	NA	NA	NA	NA	NA	NA	NA	NA	15.4527188438184	NA	73.8583868953344	NA	NA	55.7658246193939	21.7785532536438
NA	NA	NA	NA	NA	NA	NA	NA	NA	NA	NA	NA	NA	NA	7.35181581872125	NA	71.6930828156448	NA	NA	59.9507296115769	9.50093033358313
NA	NA	NA	NA	NA	NA	NA	NA	NA	NA	NA	NA	NA	NA	7.789263320886	NA	97.9575957969897	NA	NA	95.756782513293	31.9004970127818
NA	NA	NA	NA	NA	NA	NA	NA	NA	NA	NA	NA	NA	NA	21.150732020429	NA	91.0338342592709	NA	NA	88.3939096176999	25.6066361559362
NA	NA	NA	NA	NA	NA	NA	NA	NA	NA	NA	NA	NA	NA	13.7739350293407	NA	98.7351925672908	NA	NA	98.6926480410983	37.6133958222187
NA	NA	NA	NA	NA	NA	NA	NA	NA	NA	NA	NA	NA	NA	17.2860482676174	NA	96.043804690639	NA	NA	91.6138499074507	25.4035150747077
NA	NA	NA	NA	NA	NA	NA	NA	NA	NA	NA	NA	NA	NA	19.4585188643329	NA	98.2709569704681	NA	NA	95.984169906097	31.9567695393339
NA	NA	NA	NA	NA	NA	NA	NA	NA	NA	NA	NA	NA	NA	12.2754145326991	NA	95.6117608424947	NA	NA	91.2568789112147	25.2021210181306
NA	NA	NA	NA	NA	NA	NA	NA	NA	NA	NA	NA	NA	NA	11.7781830969127	NA	100.777085104948	NA	NA	101.054469212787	39.9820899483369
NA	NA	NA	NA	NA	NA	NA	NA	NA	NA	NA	NA	NA	NA	13.2755854896159	NA	79.5904257616511	NA	NA	69.3200468931001	0
NA	NA	NA	NA	NA	NA	NA	NA	NA	NA	NA	NA	NA	NA	8.27969932918243	NA	100.068941291941	NA	NA	98.9289199042429	36.0512675750923
NA	NA	NA	NA	NA	NA	NA	NA	NA	NA	NA	NA	NA	NA	3.85025086456714	NA	99.438755428354	NA	NA	97.8153791182966	34.4217767955534
NA	NA	NA	NA	NA	NA	NA	NA	NA	NA	NA	NA	NA	NA	2.82824732053263	NA	89.077015661597	NA	NA	85.7799428500328	22.6574256267587
NA	NA	NA	NA	NA	NA	NA	NA	NA	NA	NA	NA	NA	NA	5.60235077738801	NA	99.0379023113757	NA	NA	95.4570088436302	29.7352168137866
NA	NA	NA	NA	NA	NA	NA	NA	NA	NA	NA	NA	NA	NA	7.23807711501895	NA	72.1932842232856	NA	NA	66.2691660551874	11.6122954917449
NA	NA	NA	NA	NA	NA	NA	NA	NA	NA	NA	NA	NA	NA	12.6455458506187	NA	106.99649203533	NA	NA	103.947118455323	37.8009034662149
NA	NA	NA	NA	NA	NA	NA	NA	NA	NA	NA	NA	NA	NA	11.5036859658111	NA	96.6789497177871	NA	NA	93.9810586502775	29.7394670420991
NA	NA	NA	NA	NA	NA	NA	NA	NA	NA	NA	NA	NA	NA	15.7038144230757	NA	80.0819329182032	NA	NA	72.4637236006327	6.90813606459079
NA	NA	NA	NA	NA	NA	NA	NA	NA	NA	NA	NA	NA	NA	15.4527188438184	NA	81.9169004172521	NA	NA	74.3488768660166	7.81962526192272
NA	NA	NA	NA	NA	NA	NA	NA	NA	NA	NA	NA	NA	NA	0	NA	85.3076071458671	NA	NA	80.3402631293457	16.1455095165219
NA	NA	NA	NA	NA	NA	NA	NA	NA	NA	NA	NA	NA	NA	8.15232040261544	NA	78.9731517746227	NA	NA	68.7172924639242	0.623626141289797
NA	NA	NA	NA	NA	NA	NA	NA	NA	NA	NA	NA	NA	NA	7.79995701783029	NA	106.934012901836	NA	NA	106.01075351583	42.268409603969
NA	NA	NA	NA	NA	NA	NA	NA	NA	NA	NA	NA	NA	NA	6.06879366975843	NA	94.8796228671199	NA	NA	87.2064887313691	18.3124319467841
NA	NA	NA	NA	NA	NA	NA	NA	NA	NA	NA	NA	NA	NA	4.69564824359747	NA	77.7994841867631	NA	NA	68.5540557498541	34.1610273093536
NA	NA	NA	NA	NA	NA	NA	NA	NA	NA	NA	NA	NA	NA	9.50888827622892	NA	72.6142541404709	NA	NA	55.5934497105639	57.8251145697862
NA	NA	NA	NA	NA	NA	NA	NA	NA	NA	NA	NA	NA	NA	26.6251942658622	NA	70.1830269396875	NA	NA	58.7266877717073	44.2721637384136
NA	NA	NA	NA	NA	NA	NA	NA	NA	NA	NA	NA	NA	NA	19.8570156025547	NA	96.1368068845663	NA	NA	93.544268031734	4.27407133964795
NA	NA	NA	NA	NA	NA	NA	NA	NA	NA	NA	NA	NA	NA	18.0970321863144	NA	89.2275629171749	NA	NA	86.1902740384604	10.909652423171
NA	NA	NA	NA	NA	NA	NA	NA	NA	NA	NA	NA	NA	NA	21.0106809253675	NA	96.8824082898954	NA	NA	96.2466633168241	3.56645101606625
NA	NA	NA	NA	NA	NA	NA	NA	NA	NA	NA	NA	NA	NA	10.5989578604995	NA	94.2668342485924	NA	NA	89.649972840891	11.7056890819635
NA	NA	NA	NA	NA	NA	NA	NA	NA	NA	NA	NA	NA	NA	8.4373768328551	NA	96.451327313177	NA	NA	93.7831043313394	4.33453306846308
NA	NA	NA	NA	NA	NA	NA	NA	NA	NA	NA	NA	NA	NA	8.55310520943125	NA	93.8337266124308	NA	NA	89.2814086862819	11.6897003072106
NA	NA	NA	NA	NA	NA	NA	NA	NA	NA	NA	NA	NA	NA	6.31567175920344	NA	98.9192206852642	NA	NA	98.5843283786429	4.76089448108231
NA	NA	NA	NA	NA	NA	NA	NA	NA	NA	NA	NA	NA	NA	7.16538881303178	NA	78.0029026962132	NA	NA	67.9788416456062	36.0512675750923
NA	NA	NA	NA	NA	NA	NA	NA	NA	NA	NA	NA	NA	NA	7.00865811296285	NA	98.2300049679323	NA	NA	96.608919262903	0
NA	NA	NA	NA	NA	NA	NA	NA	NA	NA	NA	NA	NA	NA	13.0399522734901	NA	97.607495975719	NA	NA	95.5458181281112	1.76799364535057
NA	NA	NA	NA	NA	NA	NA	NA	NA	NA	NA	NA	NA	NA	16.6129509366187	NA	87.285527849022	NA	NA	83.6384235624518	13.8359499228062
NA	NA	NA	NA	NA	NA	NA	NA	NA	NA	NA	NA	NA	NA	7.35181581872125	NA	97.2407284382198	NA	NA	93.4096514548283	8.02567394476003
NA	NA	NA	NA	NA	NA	NA	NA	NA	NA	NA	NA	NA	NA	8.15232040261544	NA	70.4949903044614	NA	NA	64.2877145078311	33.3518676429687
NA	NA	NA	NA	NA	NA	NA	NA	NA	NA	NA	NA	NA	NA	0	NA	105.182684983187	NA	NA	101.877900047469	8.70471898779047
NA	NA	NA	NA	NA	NA	NA	NA	NA	NA	NA	NA	NA	NA	0.562473283721103	NA	94.8678603017924	NA	NA	91.8180222053171	6.4372353805341
NA	NA	NA	NA	NA	NA	NA	NA	NA	NA	NA	NA	NA	NA	14.0248273911803	NA	78.4107939337028	NA	NA	70.7739752692506	29.8086838069983
NA	NA	NA	NA	NA	NA	NA	NA	NA	NA	NA	NA	NA	NA	7.50075681294228	NA	80.2401716046271	NA	NA	72.6696525759419	28.3786538598997
NA	NA	NA	NA	NA	NA	NA	NA	NA	NA	NA	NA	NA	NA	12.3614991218487	NA	83.557398043953	NA	NA	78.3672675225881	20.2709378432178
NA	NA	NA	NA	NA	NA	NA	NA	NA	NA	NA	NA	NA	NA	26.471944520371	NA	77.38684653363	NA	NA	67.3677951300538	36.3914981915777
NA	NA	NA	NA	NA	NA	NA	NA	NA	NA	NA	NA	NA	NA	19.6383396857677	NA	105.087607752865	NA	NA	103.699204246668	7.09132268198254
NA	NA	NA	NA	NA	NA	NA	NA	NA	NA	NA	NA	NA	NA	18.0056309756809	NA	93.1819303818766	NA	NA	85.6409362836115	21.8221842664042
NA	NA	NA	NA	NA	NA	NA	NA	NA	NA	NA	NA	NA	NA	20.7715826685426	NA	NA	NA	NA	86.9097177628578	32.5553555755178
NA	NA	NA	NA	NA	NA	NA	NA	NA	NA	NA	NA	NA	NA	10.7111007841801	NA	NA	NA	NA	71.530459843617	56.186338307198
NA	NA	NA	NA	NA	NA	NA	NA	NA	NA	NA	NA	NA	NA	7.92219460655316	NA	NA	NA	NA	76.7313350492359	42.7361953132108
NA	NA	NA	NA	NA	NA	NA	NA	NA	NA	NA	NA	NA	NA	8.07273004442115	NA	NA	NA	NA	112.753952820644	2.54554766963811
NA	NA	NA	NA	NA	NA	NA	NA	NA	NA	NA	NA	NA	NA	6.36931442157631	NA	NA	NA	NA	105.392022886033	9.54336707752563
NA	NA	NA	NA	NA	NA	NA	NA	NA	NA	NA	NA	NA	NA	7.33671387566402	NA	NA	NA	NA	115.607022946023	4.9875944422136
NA	NA	NA	NA	NA	NA	NA	NA	NA	NA	NA	NA	NA	NA	7.54693326034489	NA	NA	NA	NA	108.631336019596	9.93888605919195
NA	NA	NA	NA	NA	NA	NA	NA	NA	NA	NA	NA	NA	NA	13.2457566654382	NA	NA	NA	NA	112.983782096173	2.57487562177283
NA	NA	NA	NA	NA	NA	NA	NA	NA	NA	NA	NA	NA	NA	16.892230061256	NA	NA	NA	NA	108.27484804561	9.92726934531344
NA	NA	NA	NA	NA	NA	NA	NA	NA	NA	NA	NA	NA	NA	7.789263320886	NA	NA	NA	NA	117.956677522048	6.48967053478064
NA	NA	NA	NA	NA	NA	NA	NA	NA	NA	NA	NA	NA	NA	7.79995701783029	NA	NA	NA	NA	86.1524445229646	34.4217767955534
NA	NA	NA	NA	NA	NA	NA	NA	NA	NA	NA	NA	NA	NA	0.562473283721103	NA	NA	NA	NA	115.896461812708	1.76799364535057
NA	NA	NA	NA	NA	NA	NA	NA	NA	NA	NA	NA	NA	NA	0	NA	NA	NA	NA	114.798549999669	0
NA	NA	NA	NA	NA	NA	NA	NA	NA	NA	NA	NA	NA	NA	13.7338903746207	NA	NA	NA	NA	102.788726384811	12.4043688410334
NA	NA	NA	NA	NA	NA	NA	NA	NA	NA	NA	NA	NA	NA	7.46539795614406	NA	NA	NA	NA	112.474929071658	6.30453177972798
NA	NA	NA	NA	NA	NA	NA	NA	NA	NA	NA	NA	NA	NA	12.4706602247789	NA	NA	NA	NA	83.2877181469639	32.0390530988371
NA	NA	NA	NA	NA	NA	NA	NA	NA	NA	NA	NA	NA	NA	13.6668305013452	NA	NA	NA	NA	120.964302389348	8.34845332588019
NA	NA	NA	NA	NA	NA	NA	NA	NA	NA	NA	NA	NA	NA	6.33593480150325	NA	NA	NA	NA	110.987426171155	4.72222607277543
NA	NA	NA	NA	NA	NA	NA	NA	NA	NA	NA	NA	NA	NA	7.29583670560821	NA	NA	NA	NA	89.4399897956635	28.2515154938563
NA	NA	NA	NA	NA	NA	NA	NA	NA	NA	NA	NA	NA	NA	7.23486202400571	NA	NA	NA	NA	91.3211884679585	26.7864823590183
NA	NA	NA	NA	NA	NA	NA	NA	NA	NA	NA	NA	NA	NA	9.4139473375797	NA	NA	NA	NA	97.3584829448035	18.7527055271926
NA	NA	NA	NA	NA	NA	NA	NA	NA	NA	NA	NA	NA	NA	8.6006765200419	NA	NA	NA	NA	85.5551840388974	34.7722447445315
NA	NA	NA	NA	NA	NA	NA	NA	NA	NA	NA	NA	NA	NA	7.55449183826417	NA	NA	NA	NA	122.98209628329	8.26324449656429
NA	NA	NA	NA	NA	NA	NA	NA	NA	NA	NA	NA	NA	NA	9.57075362269869	NA	NA	NA	NA	104.131505185751	20.0547962917827
NA	NA	NA	NA	NA	NA	NA	NA	NA	NA	NA	NA	NA	NA	10.6243099520995	NA	NA	NA	NA	74.7624632918746	20.6487162763209
NA	NA	NA	NA	NA	NA	NA	NA	NA	NA	NA	NA	NA	NA	17.1877340711334	NA	NA	NA	NA	57.4627030439832	44.3857257243959
NA	NA	NA	NA	NA	NA	NA	NA	NA	NA	NA	NA	NA	NA	11.9930915998378	NA	NA	NA	NA	64.2679680837071	30.5012765731617
NA	NA	NA	NA	NA	NA	NA	NA	NA	NA	NA	NA	NA	NA	15.7242754791723	NA	NA	NA	NA	102.160330206701	10.0994470519727
NA	NA	NA	NA	NA	NA	NA	NA	NA	NA	NA	NA	NA	NA	21.150732020429	NA	NA	NA	NA	94.8263983250767	2.97991295872883
NA	NA	NA	NA	NA	NA	NA	NA	NA	NA	NA	NA	NA	NA	6.06879366975843	NA	NA	NA	NA	105.674899448261	14.9896075588522
NA	NA	NA	NA	NA	NA	NA	NA	NA	NA	NA	NA	NA	NA	14.0248273911803	NA	NA	NA	NA	97.4101303472945	7.28834835196563
NA	NA	NA	NA	NA	NA	NA	NA	NA	NA	NA	NA	NA	NA	13.7338903746207	NA	NA	NA	NA	102.356953328157	10.2841310373993
NA	NA	NA	NA	NA	NA	NA	NA	NA	NA	NA	NA	NA	NA	0	NA	NA	NA	NA	97.0856150171595	6.82943043800873
NA	NA	NA	NA	NA	NA	NA	NA	NA	NA	NA	NA	NA	NA	8.02997797584153	NA	NA	NA	NA	108.085604087289	17.391755935224
NA	NA	NA	NA	NA	NA	NA	NA	NA	NA	NA	NA	NA	NA	9.59339152949559	NA	NA	NA	NA	73.7686769910211	22.6574256267587
NA	NA	NA	NA	NA	NA	NA	NA	NA	NA	NA	NA	NA	NA	19.3032272351024	NA	NA	NA	NA	105.58788611302	13.8359499228062
NA	NA	NA	NA	NA	NA	NA	NA	NA	NA	NA	NA	NA	NA	12.9251487381925	NA	NA	NA	NA	104.351919467598	12.4043688410334
NA	NA	NA	NA	NA	NA	NA	NA	NA	NA	NA	NA	NA	NA	10.6353509605654	NA	NA	NA	NA	92.0753973381755	0
NA	NA	NA	NA	NA	NA	NA	NA	NA	NA	NA	NA	NA	NA	14.2027041043915	NA	NA	NA	NA	101.439390547779	9.99717866578367
NA	NA	NA	NA	NA	NA	NA	NA	NA	NA	NA	NA	NA	NA	3.9471806294397	NA	NA	NA	NA	72.3717778723861	19.7066382895942
NA	NA	NA	NA	NA	NA	NA	NA	NA	NA	NA	NA	NA	NA	8.17264997371722	NA	NA	NA	NA	109.931749485728	18.3011767722734
NA	NA	NA	NA	NA	NA	NA	NA	NA	NA	NA	NA	NA	NA	7.33566332480574	NA	NA	NA	NA	100.269931982299	8.20910885114822
NA	NA	NA	NA	NA	NA	NA	NA	NA	NA	NA	NA	NA	NA	1.57851817249597	NA	NA	NA	NA	77.753269687653	16.1265934182517
NA	NA	NA	NA	NA	NA	NA	NA	NA	NA	NA	NA	NA	NA	2.73727531108601	NA	NA	NA	NA	79.5879756171377	14.8530484921581
NA	NA	NA	NA	NA	NA	NA	NA	NA	NA	NA	NA	NA	NA	9.16155530586919	NA	NA	NA	NA	86.257550782946	6.55120104106109
NA	NA	NA	NA	NA	NA	NA	NA	NA	NA	NA	NA	NA	NA	7.11214155677458	NA	NA	NA	NA	73.1963551660361	22.9346467256943
NA	NA	NA	NA	NA	NA	NA	NA	NA	NA	NA	NA	NA	NA	11.2833786351607	NA	NA	NA	NA	112.609094257747	20.6451915902566
NA	NA	NA	NA	NA	NA	NA	NA	NA	NA	NA	NA	NA	NA	13.7739350293407	NA	NA	NA	NA	92.0158634094274	13.189642584714
NA	NA	NA	NA	NA	NA	NA	NA	NA	NA	NA	NA	NA	NA	4.69564824359747	NA	NA	NA	NA	81.3997935180526	28.0478948769351
NA	NA	NA	NA	NA	NA	NA	NA	NA	NA	NA	NA	NA	NA	7.50075681294228	NA	NA	NA	NA	65.0437365241612	51.3154034614997
NA	NA	NA	NA	NA	NA	NA	NA	NA	NA	NA	NA	NA	NA	7.46539795614406	NA	NA	NA	NA	71.0475889372616	38.555340515214
NA	NA	NA	NA	NA	NA	NA	NA	NA	NA	NA	NA	NA	NA	8.02997797584153	NA	NA	NA	NA	108.043667384814	4.31671720204138
NA	NA	NA	NA	NA	NA	NA	NA	NA	NA	NA	NA	NA	NA	0	NA	NA	NA	NA	100.684489490002	8.14514318747068
NA	NA	NA	NA	NA	NA	NA	NA	NA	NA	NA	NA	NA	NA	5.52407161202022	NA	NA	NA	NA	111.223170615388	11.1969067886448
NA	NA	NA	NA	NA	NA	NA	NA	NA	NA	NA	NA	NA	NA	16.4812982424124	NA	NA	NA	NA	103.608328496748	4.33953908151546
NA	NA	NA	NA	NA	NA	NA	NA	NA	NA	NA	NA	NA	NA	11.7445338543528	NA	NA	NA	NA	108.257589856834	4.03874291437323
NA	NA	NA	NA	NA	NA	NA	NA	NA	NA	NA	NA	NA	NA	7.76341152691364	NA	NA	NA	NA	103.267038020776	4.53697698543865
NA	NA	NA	NA	NA	NA	NA	NA	NA	NA	NA	NA	NA	NA	13.1443599745933	NA	NA	NA	NA	113.605848644802	12.7838195223337
NA	NA	NA	NA	NA	NA	NA	NA	NA	NA	NA	NA	NA	NA	1.76265404974104	NA	NA	NA	NA	80.5253782346963	29.7352168137866
NA	NA	NA	NA	NA	NA	NA	NA	NA	NA	NA	NA	NA	NA	13.3108721603406	NA	NA	NA	NA	111.329614456952	8.02567394476003
NA	NA	NA	NA	NA	NA	NA	NA	NA	NA	NA	NA	NA	NA	12.3338930249013	NA	NA	NA	NA	110.16283486216	6.30453177972798
NA	NA	NA	NA	NA	NA	NA	NA	NA	NA	NA	NA	NA	NA	6.1407103877732	NA	NA	NA	NA	98.0051177709083	9.99717866578367
NA	NA	NA	NA	NA	NA	NA	NA	NA	NA	NA	NA	NA	NA	5.27941120584818	NA	NA	NA	NA	107.548009911527	0
NA	NA	NA	NA	NA	NA	NA	NA	NA	NA	NA	NA	NA	NA	11.0493586228513	NA	NA	NA	NA	78.3667242772907	29.1966714501996
NA	NA	NA	NA	NA	NA	NA	NA	NA	NA	NA	NA	NA	NA	2.39979181765496	NA	NA	NA	NA	116.048947441412	8.50102397041674
NA	NA	NA	NA	NA	NA	NA	NA	NA	NA	NA	NA	NA	NA	6.36327498565131	NA	NA	NA	NA	106.214185541121	3.35132877969321
NA	NA	NA	NA	NA	NA	NA	NA	NA	NA	NA	NA	NA	NA	17.2860482676174	NA	NA	NA	NA	84.1593459462465	24.1219195913178
NA	NA	NA	NA	NA	NA	NA	NA	NA	NA	NA	NA	NA	NA	9.50888827622892	NA	NA	NA	NA	86.0212482761416	22.4588980134734
NA	NA	NA	NA	NA	NA	NA	NA	NA	NA	NA	NA	NA	NA	12.3614991218487	NA	NA	NA	NA	92.3771334090012	15.1835471442743
NA	NA	NA	NA	NA	NA	NA	NA	NA	NA	NA	NA	NA	NA	12.4706602247789	NA	NA	NA	NA	79.9393290979628	30.1506338217027
NA	NA	NA	NA	NA	NA	NA	NA	NA	NA	NA	NA	NA	NA	9.59339152949559	NA	NA	NA	NA	118.392747068769	12.7366940107549
NA	NA	NA	NA	NA	NA	NA	NA	NA	NA	NA	NA	NA	NA	5.52407161202022	NA	NA	NA	NA	98.6621774156951	13.997698717007
NA	NA	NA	NA	NA	NA	NA	NA	NA	NA	NA	NA	NA	NA	0	NA	NA	NA	NA	81.3375198312617	9.95776215536905
NA	NA	NA	NA	NA	NA	NA	NA	NA	NA	NA	NA	NA	NA	NA	NA	NA	NA	NA	64.8522999056548	28.5658959132914
NA	NA	NA	NA	NA	NA	NA	NA	NA	NA	NA	NA	NA	NA	NA	NA	NA	NA	NA	70.9667877052386	13.5215641714411
NA	NA	NA	NA	NA	NA	NA	NA	NA	NA	NA	NA	NA	NA	NA	NA	NA	NA	NA	108.064197065995	29.8004833478268
NA	NA	NA	NA	NA	NA	NA	NA	NA	NA	NA	NA	NA	NA	NA	NA	NA	NA	NA	100.706456371784	22.4961000746374
NA	NA	NA	NA	NA	NA	NA	NA	NA	NA	NA	NA	NA	NA	NA	NA	NA	NA	NA	111.275619259675	33.831936261735
NA	NA	NA	NA	NA	NA	NA	NA	NA	NA	NA	NA	NA	NA	NA	NA	NA	NA	NA	103.596854822166	25.3634650902218
NA	NA	NA	NA	NA	NA	NA	NA	NA	NA	NA	NA	NA	NA	NA	NA	NA	NA	NA	108.276467717332	29.9905488998201
NA	NA	NA	NA	NA	NA	NA	NA	NA	NA	NA	NA	NA	NA	NA	NA	NA	NA	NA	103.257245147041	24.998298867365
NA	NA	NA	NA	NA	NA	NA	NA	NA	NA	NA	NA	NA	NA	NA	NA	NA	NA	NA	113.661148252066	36.2820461219058
NA	NA	NA	NA	NA	NA	NA	NA	NA	NA	NA	NA	NA	NA	NA	NA	NA	NA	NA	80.4492022422945	11.6122954917449
NA	NA	NA	NA	NA	NA	NA	NA	NA	NA	NA	NA	NA	NA	NA	NA	NA	NA	NA	111.364099759842	33.3518676429687
NA	NA	NA	NA	NA	NA	NA	NA	NA	NA	NA	NA	NA	NA	NA	NA	NA	NA	NA	110.19059993337	32.0390530988371
NA	NA	NA	NA	NA	NA	NA	NA	NA	NA	NA	NA	NA	NA	NA	NA	NA	NA	NA	98.0197475337235	19.7066382895942
NA	NA	NA	NA	NA	NA	NA	NA	NA	NA	NA	NA	NA	NA	NA	NA	NA	NA	NA	107.546174975928	29.1966714501996
NA	NA	NA	NA	NA	NA	NA	NA	NA	NA	NA	NA	NA	NA	NA	NA	NA	NA	NA	78.3712434961319	0
NA	NA	NA	NA	NA	NA	NA	NA	NA	NA	NA	NA	NA	NA	NA	NA	NA	NA	NA	116.047197773944	37.6942405413201
NA	NA	NA	NA	NA	NA	NA	NA	NA	NA	NA	NA	NA	NA	NA	NA	NA	NA	NA	106.228547538441	27.8982510381726
NA	NA	NA	NA	NA	NA	NA	NA	NA	NA	NA	NA	NA	NA	NA	NA	NA	NA	NA	84.1230399776952	8.25134182463071
NA	NA	NA	NA	NA	NA	NA	NA	NA	NA	NA	NA	NA	NA	NA	NA	NA	NA	NA	85.9823564286191	9.92193435334562
NA	NA	NA	NA	NA	NA	NA	NA	NA	NA	NA	NA	NA	NA	NA	NA	NA	NA	NA	92.3720403623981	14.0809534827191
NA	NA	NA	NA	NA	NA	NA	NA	NA	NA	NA	NA	NA	NA	NA	NA	NA	NA	NA	79.8646491376034	11.2687733645903
NA	NA	NA	NA	NA	NA	NA	NA	NA	NA	NA	NA	NA	NA	NA	NA	NA	NA	NA	118.424058896046	40.3019231112871
NA	NA	NA	NA	NA	NA	NA	NA	NA	NA	NA	NA	NA	NA	NA	NA	NA	NA	NA	98.6014992746784	22.6870102026777
NA	NA	NA	NA	NA	NA	NA	NA	NA	NA	NA	NA	NA	NA	NA	NA	NA	NA	NA	69.0161720901674	36.2265108920249
NA	NA	NA	NA	NA	NA	NA	NA	NA	NA	NA	NA	NA	NA	NA	NA	NA	NA	NA	51.4084717566988	59.1209414032059
NA	NA	NA	NA	NA	NA	NA	NA	NA	NA	NA	NA	NA	NA	NA	NA	NA	NA	NA	58.4722398878143	46.8225351090957
NA	NA	NA	NA	NA	NA	NA	NA	NA	NA	NA	NA	NA	NA	NA	NA	NA	NA	NA	96.7470619030883	9.14251507439829
NA	NA	NA	NA	NA	NA	NA	NA	NA	NA	NA	NA	NA	NA	NA	NA	NA	NA	NA	89.4351816077432	16.0151776565732
NA	NA	NA	NA	NA	NA	NA	NA	NA	NA	NA	NA	NA	NA	NA	NA	NA	NA	NA	100.434022144502	11.964112635645
NA	NA	NA	NA	NA	NA	NA	NA	NA	NA	NA	NA	NA	NA	NA	NA	NA	NA	NA	91.844431559689	12.5890756757436
NA	NA	NA	NA	NA	NA	NA	NA	NA	NA	NA	NA	NA	NA	NA	NA	NA	NA	NA	96.9345909652256	8.8003711003798
NA	NA	NA	NA	NA	NA	NA	NA	NA	NA	NA	NA	NA	NA	NA	NA	NA	NA	NA	91.528404592782	12.8814498538635
NA	NA	NA	NA	NA	NA	NA	NA	NA	NA	NA	NA	NA	NA	NA	NA	NA	NA	NA	102.856862772109	11.907797470582
NA	NA	NA	NA	NA	NA	NA	NA	NA	NA	NA	NA	NA	NA	NA	NA	NA	NA	NA	67.9711836779565	37.8009034662149
NA	NA	NA	NA	NA	NA	NA	NA	NA	NA	NA	NA	NA	NA	NA	NA	NA	NA	NA	100.244240360154	8.70471898779047
NA	NA	NA	NA	NA	NA	NA	NA	NA	NA	NA	NA	NA	NA	NA	NA	NA	NA	NA	98.9735920299269	8.34845332588019
NA	NA	NA	NA	NA	NA	NA	NA	NA	NA	NA	NA	NA	NA	NA	NA	NA	NA	NA	86.6506766434723	18.3011767722734
NA	NA	NA	NA	NA	NA	NA	NA	NA	NA	NA	NA	NA	NA	NA	NA	NA	NA	NA	95.9134874123259	8.50102397041674
NA	NA	NA	NA	NA	NA	NA	NA	NA	NA	NA	NA	NA	NA	NA	NA	NA	NA	NA	66.9468862716415	37.6942405413201
NA	NA	NA	NA	NA	NA	NA	NA	NA	NA	NA	NA	NA	NA	NA	NA	NA	NA	NA	104.394027096868	0
NA	NA	NA	NA	NA	NA	NA	NA	NA	NA	NA	NA	NA	NA	NA	NA	NA	NA	NA	94.827613638948	10.3286075624936
NA	NA	NA	NA	NA	NA	NA	NA	NA	NA	NA	NA	NA	NA	NA	NA	NA	NA	NA	72.1104230327932	32.4800636906334
NA	NA	NA	NA	NA	NA	NA	NA	NA	NA	NA	NA	NA	NA	NA	NA	NA	NA	NA	73.9297595294371	30.7629840197664
NA	NA	NA	NA	NA	NA	NA	NA	NA	NA	NA	NA	NA	NA	NA	NA	NA	NA	NA	80.7438434095975	23.6815715207078
NA	NA	NA	NA	NA	NA	NA	NA	NA	NA	NA	NA	NA	NA	NA	NA	NA	NA	NA	67.4053874105742	38.2513079206764
NA	NA	NA	NA	NA	NA	NA	NA	NA	NA	NA	NA	NA	NA	NA	NA	NA	NA	NA	107.236273159376	7.28551035195202
NA	NA	NA	NA	NA	NA	NA	NA	NA	NA	NA	NA	NA	NA	NA	NA	NA	NA	NA	86.249290723519	20.7207350005375
NA	NA	NA	NA	NA	NA	NA	NA	NA	NA	NA	NA	NA	NA	NA	NA	NA	NA	NA	73.8998461381896	27.8998412943515
NA	NA	NA	NA	NA	NA	NA	NA	NA	NA	NA	NA	NA	NA	NA	NA	NA	NA	NA	57.807999636744	51.4915024386287
NA	NA	NA	NA	NA	NA	NA	NA	NA	NA	NA	NA	NA	NA	NA	NA	NA	NA	NA	63.5563671196018	38.1668764261958
NA	NA	NA	NA	NA	NA	NA	NA	NA	NA	NA	NA	NA	NA	NA	NA	NA	NA	NA	100.615447824738	2.17708356330206
NA	NA	NA	NA	NA	NA	NA	NA	NA	NA	NA	NA	NA	NA	NA	NA	NA	NA	NA	93.2592542733025	5.70026503485584
NA	NA	NA	NA	NA	NA	NA	NA	NA	NA	NA	NA	NA	NA	NA	NA	NA	NA	NA	103.868947360378	8.92495197221812
NA	NA	NA	NA	NA	NA	NA	NA	NA	NA	NA	NA	NA	NA	NA	NA	NA	NA	NA	96.1316926940169	5.48414373385673
NA	NA	NA	NA	NA	NA	NA	NA	NA	NA	NA	NA	NA	NA	NA	NA	NA	NA	NA	100.826230937351	2.21961633090046
NA	NA	NA	NA	NA	NA	NA	NA	NA	NA	NA	NA	NA	NA	NA	NA	NA	NA	NA	95.7923039513222	5.38383464954116
NA	NA	NA	NA	NA	NA	NA	NA	NA	NA	NA	NA	NA	NA	NA	NA	NA	NA	NA	106.259354628997	10.9144199904713
NA	NA	NA	NA	NA	NA	NA	NA	NA	NA	NA	NA	NA	NA	NA	NA	NA	NA	NA	73.0308884101104	29.7394670420991
NA	NA	NA	NA	NA	NA	NA	NA	NA	NA	NA	NA	NA	NA	NA	NA	NA	NA	NA	103.930518243319	6.4372353805341
NA	NA	NA	NA	NA	NA	NA	NA	NA	NA	NA	NA	NA	NA	NA	NA	NA	NA	NA	102.749096449735	4.72222607277543
NA	NA	NA	NA	NA	NA	NA	NA	NA	NA	NA	NA	NA	NA	NA	NA	NA	NA	NA	90.5662255885167	8.20910885114822
NA	NA	NA	NA	NA	NA	NA	NA	NA	NA	NA	NA	NA	NA	NA	NA	NA	NA	NA	100.083223122904	3.35132877969321
NA	NA	NA	NA	NA	NA	NA	NA	NA	NA	NA	NA	NA	NA	NA	NA	NA	NA	NA	70.9114823313517	27.8982510381726
NA	NA	NA	NA	NA	NA	NA	NA	NA	NA	NA	NA	NA	NA	NA	NA	NA	NA	NA	108.584224762532	10.3286075624936
NA	NA	NA	NA	NA	NA	NA	NA	NA	NA	NA	NA	NA	NA	NA	NA	NA	NA	NA	98.7746487827018	0
NA	NA	NA	NA	NA	NA	NA	NA	NA	NA	NA	NA	NA	NA	NA	NA	NA	NA	NA	76.6629244367373	23.6662281762768
NA	NA	NA	NA	NA	NA	NA	NA	NA	NA	NA	NA	NA	NA	NA	NA	NA	NA	NA	78.5236931607964	22.1531225846019
NA	NA	NA	NA	NA	NA	NA	NA	NA	NA	NA	NA	NA	NA	NA	NA	NA	NA	NA	84.9081600595025	14.2644482803367
NA	NA	NA	NA	NA	NA	NA	NA	NA	NA	NA	NA	NA	NA	NA	NA	NA	NA	NA	72.4440171505287	30.1002836214943
NA	NA	NA	NA	NA	NA	NA	NA	NA	NA	NA	NA	NA	NA	NA	NA	NA	NA	NA	110.986358518076	12.6477311710994
NA	NA	NA	NA	NA	NA	NA	NA	NA	NA	NA	NA	NA	NA	NA	NA	NA	NA	NA	91.1618718647418	15.6330073009802
NA	NA	NA	NA	NA	NA	NA	NA	NA	NA	NA	NA	NA	NA	NA	NA	NA	NA	NA	69.6336008116086	4.73207420161603
NA	NA	NA	NA	NA	NA	NA	NA	NA	NA	NA	NA	NA	NA	NA	NA	NA	NA	NA	54.6946237165768	28.3233063037933
NA	NA	NA	NA	NA	NA	NA	NA	NA	NA	NA	NA	NA	NA	NA	NA	NA	NA	NA	59.4461201233254	14.5018209165642
NA	NA	NA	NA	NA	NA	NA	NA	NA	NA	NA	NA	NA	NA	NA	NA	NA	NA	NA	95.8169651319041	25.7812354292109
NA	NA	NA	NA	NA	NA	NA	NA	NA	NA	NA	NA	NA	NA	NA	NA	NA	NA	NA	88.4544831738567	19.1049720999116
NA	NA	NA	NA	NA	NA	NA	NA	NA	NA	NA	NA	NA	NA	NA	NA	NA	NA	NA	98.9085915604329	31.1123451628385
NA	NA	NA	NA	NA	NA	NA	NA	NA	NA	NA	NA	NA	NA	NA	NA	NA	NA	NA	91.515603246979	19.8939891869378
NA	NA	NA	NA	NA	NA	NA	NA	NA	NA	NA	NA	NA	NA	NA	NA	NA	NA	NA	96.0365823888023	25.8798567077641
NA	NA	NA	NA	NA	NA	NA	NA	NA	NA	NA	NA	NA	NA	NA	NA	NA	NA	NA	91.1663612355082	19.6201772540515
NA	NA	NA	NA	NA	NA	NA	NA	NA	NA	NA	NA	NA	NA	NA	NA	NA	NA	NA	101.285473534704	33.5183445414239
NA	NA	NA	NA	NA	NA	NA	NA	NA	NA	NA	NA	NA	NA	NA	NA	NA	NA	NA	68.8668492701088	6.90813606459079
NA	NA	NA	NA	NA	NA	NA	NA	NA	NA	NA	NA	NA	NA	NA	NA	NA	NA	NA	99.0586731517867	29.8086838069983
NA	NA	NA	NA	NA	NA	NA	NA	NA	NA	NA	NA	NA	NA	NA	NA	NA	NA	NA	97.9120204666868	28.2515154938563
NA	NA	NA	NA	NA	NA	NA	NA	NA	NA	NA	NA	NA	NA	NA	NA	NA	NA	NA	85.8020964965332	16.1265934182517
NA	NA	NA	NA	NA	NA	NA	NA	NA	NA	NA	NA	NA	NA	NA	NA	NA	NA	NA	95.4092074078314	24.1219195913178
NA	NA	NA	NA	NA	NA	NA	NA	NA	NA	NA	NA	NA	NA	NA	NA	NA	NA	NA	66.2129911980479	8.25134182463071
NA	NA	NA	NA	NA	NA	NA	NA	NA	NA	NA	NA	NA	NA	NA	NA	NA	NA	NA	103.907227392463	32.4800636906334
NA	NA	NA	NA	NA	NA	NA	NA	NA	NA	NA	NA	NA	NA	NA	NA	NA	NA	NA	94.0099613473541	23.6662281762768
NA	NA	NA	NA	NA	NA	NA	NA	NA	NA	NA	NA	NA	NA	NA	NA	NA	NA	NA	72.215282759914	0
NA	NA	NA	NA	NA	NA	NA	NA	NA	NA	NA	NA	NA	NA	NA	NA	NA	NA	NA	74.0913453729735	1.90145579953887
NA	NA	NA	NA	NA	NA	NA	NA	NA	NA	NA	NA	NA	NA	NA	NA	NA	NA	NA	80.2591538069861	9.57896394859068
NA	NA	NA	NA	NA	NA	NA	NA	NA	NA	NA	NA	NA	NA	NA	NA	NA	NA	NA	68.2699299079641	7.04068333447827
NA	NA	NA	NA	NA	NA	NA	NA	NA	NA	NA	NA	NA	NA	NA	NA	NA	NA	NA	106.129993580158	36.3075229028586
NA	NA	NA	NA	NA	NA	NA	NA	NA	NA	NA	NA	NA	NA	NA	NA	NA	NA	NA	86.8647906679327	15.0226184416732
NA	NA	NA	NA	NA	NA	NA	NA	NA	NA	NA	NA	NA	NA	NA	NA	NA	NA	NA	NA	5.80150621773346
NA	NA	NA	NA	NA	NA	NA	NA	NA	NA	NA	NA	NA	NA	NA	NA	NA	NA	NA	NA	29.5371517893466
NA	NA	NA	NA	NA	NA	NA	NA	NA	NA	NA	NA	NA	NA	NA	NA	NA	NA	NA	NA	16.0975875091549
NA	NA	NA	NA	NA	NA	NA	NA	NA	NA	NA	NA	NA	NA	NA	NA	NA	NA	NA	NA	24.2907591983536
NA	NA	NA	NA	NA	NA	NA	NA	NA	NA	NA	NA	NA	NA	NA	NA	NA	NA	NA	NA	17.8132146517803
NA	NA	NA	NA	NA	NA	NA	NA	NA	NA	NA	NA	NA	NA	NA	NA	NA	NA	NA	NA	29.8293372492585
NA	NA	NA	NA	NA	NA	NA	NA	NA	NA	NA	NA	NA	NA	NA	NA	NA	NA	NA	NA	18.1935308270715
NA	NA	NA	NA	NA	NA	NA	NA	NA	NA	NA	NA	NA	NA	NA	NA	NA	NA	NA	NA	24.3720285431804
NA	NA	NA	NA	NA	NA	NA	NA	NA	NA	NA	NA	NA	NA	NA	NA	NA	NA	NA	NA	17.9369730469887
NA	NA	NA	NA	NA	NA	NA	NA	NA	NA	NA	NA	NA	NA	NA	NA	NA	NA	NA	NA	32.2122273685009
NA	NA	NA	NA	NA	NA	NA	NA	NA	NA	NA	NA	NA	NA	NA	NA	NA	NA	NA	NA	7.81962526192272
NA	NA	NA	NA	NA	NA	NA	NA	NA	NA	NA	NA	NA	NA	NA	NA	NA	NA	NA	NA	28.3786538598997
NA	NA	NA	NA	NA	NA	NA	NA	NA	NA	NA	NA	NA	NA	NA	NA	NA	NA	NA	NA	26.7864823590183
NA	NA	NA	NA	NA	NA	NA	NA	NA	NA	NA	NA	NA	NA	NA	NA	NA	NA	NA	NA	14.8530484921581
NA	NA	NA	NA	NA	NA	NA	NA	NA	NA	NA	NA	NA	NA	NA	NA	NA	NA	NA	NA	22.4588980134734
NA	NA	NA	NA	NA	NA	NA	NA	NA	NA	NA	NA	NA	NA	NA	NA	NA	NA	NA	NA	9.92193435334562
NA	NA	NA	NA	NA	NA	NA	NA	NA	NA	NA	NA	NA	NA	NA	NA	NA	NA	NA	NA	30.7629840197664
NA	NA	NA	NA	NA	NA	NA	NA	NA	NA	NA	NA	NA	NA	NA	NA	NA	NA	NA	NA	22.1531225846019
NA	NA	NA	NA	NA	NA	NA	NA	NA	NA	NA	NA	NA	NA	NA	NA	NA	NA	NA	NA	1.90145579953887
NA	NA	NA	NA	NA	NA	NA	NA	NA	NA	NA	NA	NA	NA	NA	NA	NA	NA	NA	NA	0
NA	NA	NA	NA	NA	NA	NA	NA	NA	NA	NA	NA	NA	NA	NA	NA	NA	NA	NA	NA	8.32718498483131
NA	NA	NA	NA	NA	NA	NA	NA	NA	NA	NA	NA	NA	NA	NA	NA	NA	NA	NA	NA	8.08169128559115
NA	NA	NA	NA	NA	NA	NA	NA	NA	NA	NA	NA	NA	NA	NA	NA	NA	NA	NA	NA	34.7683859447056
NA	NA	NA	NA	NA	NA	NA	NA	NA	NA	NA	NA	NA	NA	NA	NA	NA	NA	NA	NA	13.1280493048625
NA	NA	NA	NA	NA	NA	NA	NA	NA	NA	NA	NA	NA	NA	NA	NA	NA	NA	NA	NA	14.1099649048607
NA	NA	NA	NA	NA	NA	NA	NA	NA	NA	NA	NA	NA	NA	NA	NA	NA	NA	NA	NA	37.8425803214118
NA	NA	NA	NA	NA	NA	NA	NA	NA	NA	NA	NA	NA	NA	NA	NA	NA	NA	NA	NA	24.0021691305369
NA	NA	NA	NA	NA	NA	NA	NA	NA	NA	NA	NA	NA	NA	NA	NA	NA	NA	NA	NA	16.3266829800055
NA	NA	NA	NA	NA	NA	NA	NA	NA	NA	NA	NA	NA	NA	NA	NA	NA	NA	NA	NA	9.52738105271328
NA	NA	NA	NA	NA	NA	NA	NA	NA	NA	NA	NA	NA	NA	NA	NA	NA	NA	NA	NA	21.5407249088233
NA	NA	NA	NA	NA	NA	NA	NA	NA	NA	NA	NA	NA	NA	NA	NA	NA	NA	NA	NA	11.2827715280599
NA	NA	NA	NA	NA	NA	NA	NA	NA	NA	NA	NA	NA	NA	NA	NA	NA	NA	NA	NA	16.4541342576873
NA	NA	NA	NA	NA	NA	NA	NA	NA	NA	NA	NA	NA	NA	NA	NA	NA	NA	NA	NA	10.9181461355672
NA	NA	NA	NA	NA	NA	NA	NA	NA	NA	NA	NA	NA	NA	NA	NA	NA	NA	NA	NA	23.9415433481553
NA	NA	NA	NA	NA	NA	NA	NA	NA	NA	NA	NA	NA	NA	NA	NA	NA	NA	NA	NA	16.1455095165219
NA	NA	NA	NA	NA	NA	NA	NA	NA	NA	NA	NA	NA	NA	NA	NA	NA	NA	NA	NA	20.2709378432178
NA	NA	NA	NA	NA	NA	NA	NA	NA	NA	NA	NA	NA	NA	NA	NA	NA	NA	NA	NA	18.7527055271926
NA	NA	NA	NA	NA	NA	NA	NA	NA	NA	NA	NA	NA	NA	NA	NA	NA	NA	NA	NA	6.55120104106109
NA	NA	NA	NA	NA	NA	NA	NA	NA	NA	NA	NA	NA	NA	NA	NA	NA	NA	NA	NA	15.1835471442743
NA	NA	NA	NA	NA	NA	NA	NA	NA	NA	NA	NA	NA	NA	NA	NA	NA	NA	NA	NA	14.0809534827191
NA	NA	NA	NA	NA	NA	NA	NA	NA	NA	NA	NA	NA	NA	NA	NA	NA	NA	NA	NA	23.6815715207078
NA	NA	NA	NA	NA	NA	NA	NA	NA	NA	NA	NA	NA	NA	NA	NA	NA	NA	NA	NA	14.2644482803367
NA	NA	NA	NA	NA	NA	NA	NA	NA	NA	NA	NA	NA	NA	NA	NA	NA	NA	NA	NA	9.57896394859068
NA	NA	NA	NA	NA	NA	NA	NA	NA	NA	NA	NA	NA	NA	NA	NA	NA	NA	NA	NA	8.32718498483131
NA	NA	NA	NA	NA	NA	NA	NA	NA	NA	NA	NA	NA	NA	NA	NA	NA	NA	NA	NA	0
NA	NA	NA	NA	NA	NA	NA	NA	NA	NA	NA	NA	NA	NA	NA	NA	NA	NA	NA	NA	16.4045747241433
NA	NA	NA	NA	NA	NA	NA	NA	NA	NA	NA	NA	NA	NA	NA	NA	NA	NA	NA	NA	26.8999795031074
NA	NA	NA	NA	NA	NA	NA	NA	NA	NA	NA	NA	NA	NA	NA	NA	NA	NA	NA	NA	11.3330250301894
NA	NA	NA	NA	NA	NA	NA	NA	NA	NA	NA	NA	NA	NA	NA	NA	NA	NA	NA	NA	2.31553203571015
NA	NA	NA	NA	NA	NA	NA	NA	NA	NA	NA	NA	NA	NA	NA	NA	NA	NA	NA	NA	21.4626899887805
NA	NA	NA	NA	NA	NA	NA	NA	NA	NA	NA	NA	NA	NA	NA	NA	NA	NA	NA	NA	8.93328624431681
NA	NA	NA	NA	NA	NA	NA	NA	NA	NA	NA	NA	NA	NA	NA	NA	NA	NA	NA	NA	32.256673825824
NA	NA	NA	NA	NA	NA	NA	NA	NA	NA	NA	NA	NA	NA	NA	NA	NA	NA	NA	NA	25.8928767304755
NA	NA	NA	NA	NA	NA	NA	NA	NA	NA	NA	NA	NA	NA	NA	NA	NA	NA	NA	NA	37.9069133206807
NA	NA	NA	NA	NA	NA	NA	NA	NA	NA	NA	NA	NA	NA	NA	NA	NA	NA	NA	NA	25.8238944786103
NA	NA	NA	NA	NA	NA	NA	NA	NA	NA	NA	NA	NA	NA	NA	NA	NA	NA	NA	NA	32.3189487813264
NA	NA	NA	NA	NA	NA	NA	NA	NA	NA	NA	NA	NA	NA	NA	NA	NA	NA	NA	NA	25.6150142052196
NA	NA	NA	NA	NA	NA	NA	NA	NA	NA	NA	NA	NA	NA	NA	NA	NA	NA	NA	NA	40.284285777901
NA	NA	NA	NA	NA	NA	NA	NA	NA	NA	NA	NA	NA	NA	NA	NA	NA	NA	NA	NA	0.623626141289797
NA	NA	NA	NA	NA	NA	NA	NA	NA	NA	NA	NA	NA	NA	NA	NA	NA	NA	NA	NA	36.3914981915777
NA	NA	NA	NA	NA	NA	NA	NA	NA	NA	NA	NA	NA	NA	NA	NA	NA	NA	NA	NA	34.7722447445315
NA	NA	NA	NA	NA	NA	NA	NA	NA	NA	NA	NA	NA	NA	NA	NA	NA	NA	NA	NA	22.9346467256943
NA	NA	NA	NA	NA	NA	NA	NA	NA	NA	NA	NA	NA	NA	NA	NA	NA	NA	NA	NA	30.1506338217027
NA	NA	NA	NA	NA	NA	NA	NA	NA	NA	NA	NA	NA	NA	NA	NA	NA	NA	NA	NA	11.2687733645903
NA	NA	NA	NA	NA	NA	NA	NA	NA	NA	NA	NA	NA	NA	NA	NA	NA	NA	NA	NA	38.2513079206764
NA	NA	NA	NA	NA	NA	NA	NA	NA	NA	NA	NA	NA	NA	NA	NA	NA	NA	NA	NA	30.1002836214943
NA	NA	NA	NA	NA	NA	NA	NA	NA	NA	NA	NA	NA	NA	NA	NA	NA	NA	NA	NA	7.04068333447827
NA	NA	NA	NA	NA	NA	NA	NA	NA	NA	NA	NA	NA	NA	NA	NA	NA	NA	NA	NA	8.08169128559115
NA	NA	NA	NA	NA	NA	NA	NA	NA	NA	NA	NA	NA	NA	NA	NA	NA	NA	NA	NA	16.4045747241433
NA	NA	NA	NA	NA	NA	NA	NA	NA	NA	NA	NA	NA	NA	NA	NA	NA	NA	NA	NA	0
NA	NA	NA	NA	NA	NA	NA	NA	NA	NA	NA	NA	NA	NA	NA	NA	NA	NA	NA	NA	42.6522616705328
NA	NA	NA	NA	NA	NA	NA	NA	NA	NA	NA	NA	NA	NA	NA	NA	NA	NA	NA	NA	18.8617621744868
NA	NA	NA	NA	NA	NA	NA	NA	NA	NA	NA	NA	NA	NA	NA	NA	NA	NA	NA	NA	40.4830345122793
NA	NA	NA	NA	NA	NA	NA	NA	NA	NA	NA	NA	NA	NA	NA	NA	NA	NA	NA	NA	63.9540336447272
NA	NA	NA	NA	NA	NA	NA	NA	NA	NA	NA	NA	NA	NA	NA	NA	NA	NA	NA	NA	50.8093143051833
NA	NA	NA	NA	NA	NA	NA	NA	NA	NA	NA	NA	NA	NA	NA	NA	NA	NA	NA	NA	10.5795633078308
NA	NA	NA	NA	NA	NA	NA	NA	NA	NA	NA	NA	NA	NA	NA	NA	NA	NA	NA	NA	17.8058550870886
NA	NA	NA	NA	NA	NA	NA	NA	NA	NA	NA	NA	NA	NA	NA	NA	NA	NA	NA	NA	8.36404597129882
NA	NA	NA	NA	NA	NA	NA	NA	NA	NA	NA	NA	NA	NA	NA	NA	NA	NA	NA	NA	17.0357463299851
NA	NA	NA	NA	NA	NA	NA	NA	NA	NA	NA	NA	NA	NA	NA	NA	NA	NA	NA	NA	10.4463014682518
NA	NA	NA	NA	NA	NA	NA	NA	NA	NA	NA	NA	NA	NA	NA	NA	NA	NA	NA	NA	17.1677923776006
NA	NA	NA	NA	NA	NA	NA	NA	NA	NA	NA	NA	NA	NA	NA	NA	NA	NA	NA	NA	6.88604384824842
NA	NA	NA	NA	NA	NA	NA	NA	NA	NA	NA	NA	NA	NA	NA	NA	NA	NA	NA	NA	42.268409603969
NA	NA	NA	NA	NA	NA	NA	NA	NA	NA	NA	NA	NA	NA	NA	NA	NA	NA	NA	NA	7.09132268198254
NA	NA	NA	NA	NA	NA	NA	NA	NA	NA	NA	NA	NA	NA	NA	NA	NA	NA	NA	NA	8.26324449656429
NA	NA	NA	NA	NA	NA	NA	NA	NA	NA	NA	NA	NA	NA	NA	NA	NA	NA	NA	NA	20.6451915902566
NA	NA	NA	NA	NA	NA	NA	NA	NA	NA	NA	NA	NA	NA	NA	NA	NA	NA	NA	NA	12.7366940107549
NA	NA	NA	NA	NA	NA	NA	NA	NA	NA	NA	NA	NA	NA	NA	NA	NA	NA	NA	NA	40.3019231112871
NA	NA	NA	NA	NA	NA	NA	NA	NA	NA	NA	NA	NA	NA	NA	NA	NA	NA	NA	NA	7.28551035195202
NA	NA	NA	NA	NA	NA	NA	NA	NA	NA	NA	NA	NA	NA	NA	NA	NA	NA	NA	NA	12.6477311710994
NA	NA	NA	NA	NA	NA	NA	NA	NA	NA	NA	NA	NA	NA	NA	NA	NA	NA	NA	NA	36.3075229028586
NA	NA	NA	NA	NA	NA	NA	NA	NA	NA	NA	NA	NA	NA	NA	NA	NA	NA	NA	NA	34.7683859447056
NA	NA	NA	NA	NA	NA	NA	NA	NA	NA	NA	NA	NA	NA	NA	NA	NA	NA	NA	NA	26.8999795031074
NA	NA	NA	NA	NA	NA	NA	NA	NA	NA	NA	NA	NA	NA	NA	NA	NA	NA	NA	NA	42.6522616705328
NA	NA	NA	NA	NA	NA	NA	NA	NA	NA	NA	NA	NA	NA	NA	NA	NA	NA	NA	NA	0
NA	NA	NA	NA	NA	NA	NA	NA	NA	NA	NA	NA	NA	NA	NA	NA	NA	NA	NA	NA	26.5274379105654
NA	NA	NA	NA	NA	NA	NA	NA	NA	NA	NA	NA	NA	NA	NA	NA	NA	NA	NA	NA	17.2651586376291
NA	NA	NA	NA	NA	NA	NA	NA	NA	NA	NA	NA	NA	NA	NA	NA	NA	NA	NA	NA	38.7219876391412
NA	NA	NA	NA	NA	NA	NA	NA	NA	NA	NA	NA	NA	NA	NA	NA	NA	NA	NA	NA	27.7891695170978
NA	NA	NA	NA	NA	NA	NA	NA	NA	NA	NA	NA	NA	NA	NA	NA	NA	NA	NA	NA	17.6412303837941
NA	NA	NA	NA	NA	NA	NA	NA	NA	NA	NA	NA	NA	NA	NA	NA	NA	NA	NA	NA	14.7962818184198
NA	NA	NA	NA	NA	NA	NA	NA	NA	NA	NA	NA	NA	NA	NA	NA	NA	NA	NA	NA	24.5577614360287
NA	NA	NA	NA	NA	NA	NA	NA	NA	NA	NA	NA	NA	NA	NA	NA	NA	NA	NA	NA	10.1602033924573
NA	NA	NA	NA	NA	NA	NA	NA	NA	NA	NA	NA	NA	NA	NA	NA	NA	NA	NA	NA	17.5145961880056
NA	NA	NA	NA	NA	NA	NA	NA	NA	NA	NA	NA	NA	NA	NA	NA	NA	NA	NA	NA	10.2530619015053
NA	NA	NA	NA	NA	NA	NA	NA	NA	NA	NA	NA	NA	NA	NA	NA	NA	NA	NA	NA	26.4871503108753
NA	NA	NA	NA	NA	NA	NA	NA	NA	NA	NA	NA	NA	NA	NA	NA	NA	NA	NA	NA	18.3124319467841
NA	NA	NA	NA	NA	NA	NA	NA	NA	NA	NA	NA	NA	NA	NA	NA	NA	NA	NA	NA	21.8221842664042
NA	NA	NA	NA	NA	NA	NA	NA	NA	NA	NA	NA	NA	NA	NA	NA	NA	NA	NA	NA	20.0547962917827
NA	NA	NA	NA	NA	NA	NA	NA	NA	NA	NA	NA	NA	NA	NA	NA	NA	NA	NA	NA	13.189642584714
NA	NA	NA	NA	NA	NA	NA	NA	NA	NA	NA	NA	NA	NA	NA	NA	NA	NA	NA	NA	13.997698717007
NA	NA	NA	NA	NA	NA	NA	NA	NA	NA	NA	NA	NA	NA	NA	NA	NA	NA	NA	NA	22.6870102026777
NA	NA	NA	NA	NA	NA	NA	NA	NA	NA	NA	NA	NA	NA	NA	NA	NA	NA	NA	NA	20.7207350005375
NA	NA	NA	NA	NA	NA	NA	NA	NA	NA	NA	NA	NA	NA	NA	NA	NA	NA	NA	NA	15.6330073009802
NA	NA	NA	NA	NA	NA	NA	NA	NA	NA	NA	NA	NA	NA	NA	NA	NA	NA	NA	NA	15.0226184416732
NA	NA	NA	NA	NA	NA	NA	NA	NA	NA	NA	NA	NA	NA	NA	NA	NA	NA	NA	NA	13.1280493048625
NA	NA	NA	NA	NA	NA	NA	NA	NA	NA	NA	NA	NA	NA	NA	NA	NA	NA	NA	NA	11.3330250301894
NA	NA	NA	NA	NA	NA	NA	NA	NA	NA	NA	NA	NA	NA	NA	NA	NA	NA	NA	NA	18.8617621744868
NA	NA	NA	NA	NA	NA	NA	NA	NA	NA	NA	NA	NA	NA	NA	NA	NA	NA	NA	NA	26.5274379105654
NA	NA	NA	NA	NA	NA	NA	NA	NA	NA	NA	NA	NA	NA	NA	NA	NA	NA	NA	NA	0
