A	Coef.KO - WT	Coef.WT - KO	t.KO - WT	t.WT - KO	p.value.KO - WT	p.value.WT - KO	p.value.adj.KO - WT	p.value.adj.WT - KO	F	F.p.value
ABCB1	0.5321073	-2.12181849	2.12181849	-2.0279684	2.0279684	0.1354541997	0.1354541997	0.77397218933	0.77397218933	4.112656	0.1354541997
ABCC1	-1.1673602	0.73743453	-0.73743453	0.6506774	-0.6506774	0.5615731895	0.5615731895	0.87106241397	0.87106241397	0.423381	0.5615731895
ABCF1	-0.611151	-1.1949875	1.1949875	-1.1633331	1.1633331	0.328685141	0.328685141	0.77397218933	0.77397218933	1.353344	0.328685141
ACAT1	-2.504113	-1.6356302	1.6356302	-1.1912358	1.1912358	0.3190863537	0.3190863537	0.77397218933	0.77397218933	1.4190427	0.3190863537
ACAT2	0.1538326	0.00628634	-0.00628634	0.008667	-0.008667	0.9936280574	0.9936280574	1	1	7.51e-05	0.9936280574
ACE	-1.7720601	0.17152439	-0.17152439	0.1158196	-0.1158196	0.915101631	0.915101631	1	1	0.0134142	0.915101631
ACLY	5.5983421	0.12943484	-0.12943484	0.3169097	-0.3169097	0.7720527284	0.7720527284	0.97980509895	0.97980509895	0.1004318	0.7720527284
ACOT7	-1.3316923	0.96476352	-0.96476352	0.6822113	-0.6822113	0.5439819025	0.5439819025	0.86111905117	0.86111905117	0.4654122	0.5439819025
ACOX1	-1.9059523	0	0	0	0	1	1	1	1	0	1
ACTG1	5.7511885	-0.3101343	0.3101343	-0.9537996	0.9537996	0.4104421635	0.4104421635	0.77498583545	0.77498583545	0.9097336	0.4104421635
ACTL6A	-2.0396803	-1.50785399	1.50785399	-0.7770165	0.7770165	0.4937033865	0.4937033865	0.83439458536	0.83439458536	0.6037546	0.4937033865
ACTN4	3.4519944	-0.59936368	0.59936368	-1.2277293	1.2277293	0.3069606483	0.3069606483	0.77397218933	0.77397218933	1.5073192	0.3069606483
ACTR1A	-3.3219281	0	0	0	0	1	1	1	1	0	1
ADAM10	-0.5831602	-0.43604077	0.43604077	-1.0801408	1.0801408	0.3590521334	0.3590521334	0.77397218933	0.77397218933	1.1667042	0.3590521334
ADAR	-2.5577677	-1.52832083	1.52832083	-1.1864529	1.1864529	0.3207113453	0.3207113453	0.77397218933	0.77397218933	1.4076704	0.3207113453
ADD1	-2.391101	-0.8050125	0.8050125	-0.5775874	0.5775874	0.6039766581	0.6039766581	0.89226789927	0.89226789927	0.3336072	0.6039766581
ADGRL2	-0.5334722	1.75829819	-1.75829819	1.2044949	-1.2044949	0.314625172	0.314625172	0.77397218933	0.77397218933	1.450808	0.314625172
ADRM1	0.3618205	-0.50594943	0.50594943	-0.4990923	0.4990923	0.6519627742	0.6519627742	0.91747987181	0.91747987181	0.2490931	0.6519627742
AHCY	3.9333122	-0.02626528	0.02626528	-0.0784692	0.0784692	0.9423878835	0.9423878835	1	1	0.0061574	0.9423878835
AIFM1	-2.3374463	-0.42101147	0.42101147	-0.8920469	0.8920469	0.4379879093	0.4379879093	0.79174069086	0.79174069086	0.7957478	0.4379879093
AIMP1	-3.0577677	0.52832083	-0.52832083	0.9801436	-0.9801436	0.3991833641	0.3991833641	0.77397218933	0.77397218933	0.9606815	0.3991833641
AKR1B1	-1.7116317	-0.0506677	0.0506677	-0.0369015	0.0369015	0.9728780723	0.9728780723	1	1	0.0013617	0.9728780723
ALCAM	5.4184797	0.38185934	-0.38185934	1.0459647	-1.0459647	0.3723114129	0.3723114129	0.77397218933	0.77397218933	1.0940421	0.3723114129
ALDH2	1.2252288	0.0970771	-0.0970771	0.1936161	-0.1936161	0.8588247628	0.8588247628	0.99797892651	0.99797892651	0.0374872	0.8588247628
ALDOA	4.174593	0.03419416	-0.03419416	0.0822071	-0.0822071	0.9396514981	0.9396514981	1	1	0.006758	0.9396514981
ALDOC	2.0804317	0.73236994	-0.73236994	0.8917849	-0.8917849	0.4381082993	0.4381082993	0.79174069086	0.79174069086	0.7952803	0.4381082993
ALK	-0.9367313	1.40746414	-1.40746414	0.8234573	-0.8234573	0.4705131297	0.4705131297	0.80745777863	0.80745777863	0.678082	0.4705131297
ALOX12B	-1.9504583	-1.1949875	1.1949875	-0.5903175	0.5903175	0.5964299256	0.5964299256	0.88910884543	0.88910884543	0.3484747	0.5964299256
ANP32A	-2.0986198	-0.33333333	0.33333333	-0.188981	0.188981	0.8621508491	0.8621508491	0.99797892651	0.99797892651	0.0357138	0.8621508491
ANP32B	-1.8782984	-0.77397603	0.77397603	-1.0907978	1.0907978	0.3550124416	0.3550124416	0.77397218933	0.77397218933	1.1898399	0.3550124416
ANTXR1	-2.5385215	1.56681324	-1.56681324	1.1882751	-1.1882751	0.3200912677	0.3200912677	0.77397218933	0.77397218933	1.4119976	0.3200912677
ANXA2	1.692325	0.12734014	-0.12734014	0.2149992	-0.2149992	0.8435325204	0.8435325204	0.99797892651	0.99797892651	0.0462246	0.8435325204
ANXA6	-2.5294468	0.52832083	-0.52832083	0.4456949	-0.4456949	0.6859717321	0.6859717321	0.93680617401	0.93680617401	0.1986439	0.6859717321
AP2B1	-1.0858172	-2.35893853	2.35893853	-2.0235706	2.0235706	0.1360307155	0.1360307155	0.77397218933	0.77397218933	4.0948381	0.1360307155
APMAP	-2.6552614	1.33333333	-1.33333333	1.1748672	-1.1748672	0.3246824361	0.3246824361	0.77397218933	0.77397218933	1.3803128	0.3246824361
ARF1	-2.0856193	2.4726175	-2.4726175	2.2700106	-2.2700106	0.1077737799	0.1077737799	0.77397218933	0.77397218933	5.152948	0.1077737799
ARG1	-0.9225832	-1.82573544	1.82573544	-1.9109671	1.9109671	0.151825102	0.151825102	0.77397218933	0.77397218933	3.6517953	0.151825102
ARHGDIA	2.211222	0.74806865	-0.74806865	1.994052	-1.994052	0.1399762309	0.1399762309	0.77397218933	0.77397218933	3.9762433	0.1399762309
ASNS	0.4519152	1.04442832	-1.04442832	1.2690331	-1.2690331	0.2938061133	0.2938061133	0.77397218933	0.77397218933	1.6104451	0.2938061133
ATP1A3	5.8736498	0.06521171	-0.06521171	0.1834665	-0.1834665	0.8661130481	0.8661130481	1	1	0.03366	0.8661130481
ATP1B1	2.6940477	-0.43178774	0.43178774	-1.0629944	1.0629944	0.3656461041	0.3656461041	0.77397218933	0.77397218933	1.129957	0.3656461041
ATP1B3	0.7528675	1.5591269	-1.5591269	0.9225623	-0.9225623	0.4241723124	0.4241723124	0.78083570948	0.78083570948	0.8511213	0.4241723124
ATP2A2	-0.3015107	1.50259821	-1.50259821	2.0290633	-2.0290633	0.1353111272	0.1353111272	0.77397218933	0.77397218933	4.1170977	0.1353111272
ATP5F1A	4.5897127	0.05844742	-0.05844742	0.1144993	-0.1144993	0.9160637974	0.9160637974	1	1	0.0131101	0.9160637974
ATP5F1B	5.0504019	0.05759267	-0.05759267	0.1686503	-0.1686503	0.8767843377	0.8767843377	1	1	0.0284429	0.8767843377
ATP5F1C	0.7074873	1.42464091	-1.42464091	1.8304637	-1.8304637	0.1644374136	0.1644374136	0.77397218933	0.77397218933	3.3505974	0.1644374136
ATP5F1D	-1.5078997	-1.75648689	1.75648689	-2.2763692	2.2763692	0.1071432969	0.1071432969	0.77397218933	0.77397218933	5.1818567	0.1071432969
ATP5PB	-0.0871505	2.8083198	-2.8083198	2.1560092	-2.1560092	0.1198730462	0.1198730462	0.77397218933	0.77397218933	4.6483757	0.1198730462
ATP5PD	-1.0485539	1.71479664	-1.71479664	1.4874913	-1.4874913	0.2334588276	0.2334588276	0.77397218933	0.77397218933	2.2126303	0.2334588276
ATP5PF	-1.0572985	0.64066583	-0.64066583	1.2577935	-1.2577935	0.2973269376	0.2973269376	0.77397218933	0.77397218933	1.5820445	0.2973269376
ATP5PO	0.6544914	-1.09436402	1.09436402	-0.5478735	0.5478735	0.6218509232	0.6218509232	0.89316891617	0.89316891617	0.3001654	0.6218509232
ATP6V1A	0.989947	-0.35312404	0.35312404	-0.3575891	0.3575891	0.7442911458	0.7442911458	0.9567499443	0.9567499443	0.12787	0.7442911458
ATP6V1B2	1.5297925	-0.46465756	0.46465756	-0.6008719	0.6008719	0.590224075	0.590224075	0.88788018176	0.88788018176	0.3610471	0.590224075
ATP6V1E1	-1.8214589	0.887655	-0.887655	1.7748354	-1.7748354	0.1738624017	0.1738624017	0.77397218933	0.77397218933	3.1500406	0.1738624017
ATP7A	-1.8695538	1.35679644	-1.35679644	1.396536	-1.396536	0.2567958858	0.2567958858	0.77397218933	0.77397218933	1.9503128	0.2567958858
AZGP1	-1.5543482	-0.70320816	0.70320816	-0.2774235	0.2774235	0.7994453992	0.7994453992	0.99797892651	0.99797892651	0.0769638	0.7994453992
BAG6	-2.3145291	0.95815637	-0.95815637	1.132519	-1.132519	0.3396234249	0.3396234249	0.77397218933	0.77397218933	1.2825993	0.3396234249
BASP1	0.5037552	-1.09610657	1.09610657	-2.8042458	2.8042458	0.0674822932	0.0674822932	0.77397218933	0.77397218933	7.8637943	0.0674822932
BAX	0.8405461	0.68601071	-0.68601071	0.5780243	-0.5780243	0.6037165648	0.6037165648	0.89226789927	0.89226789927	0.334112	0.6037165648
BCAP29	-1.4825658	-2.13077247	2.13077247	-2.6558349	2.6558349	0.0764730305	0.0764730305	0.77397218933	0.77397218933	7.0534589	0.0764730305
BCAP31	0.5740016	1.33887269	-1.33887269	1.9137226	-1.9137226	0.1514137517	0.1514137517	0.77397218933	0.77397218933	3.6623342	0.1514137517
BLVRA	-2.0856193	-0.35933417	0.35933417	-0.8228215	0.8228215	0.4708242348	0.4708242348	0.80745777863	0.80745777863	0.6770353	0.4708242348
BSG	3.8018897	0.5032218	-0.5032218	1.281378	-1.281378	0.2899889653	0.2899889653	0.77397218933	0.77397218933	1.6419295	0.2899889653
C1orf68	-0.5996394	-4.38793563	4.38793563	-5.0227028	5.0227028	0.0151405264	0.0151405264	0.77397218933	0.77397218933	25.2275433	0.0151405264
CACNA2D1	4.6867255	0.7171607	-0.7171607	1.5572809	-1.5572809	0.2171239139	0.2171239139	0.77397218933	0.77397218933	2.4251237	0.2171239139
CACNA2D2	4.6087594	0.19467609	-0.19467609	0.4169807	-0.4169807	0.7046893109	0.7046893109	0.9386891966	0.9386891966	0.1738729	0.7046893109
CACYBP	0.1233388	1.88533742	-1.88533742	1.5429323	-1.5429323	0.2203764794	0.2203764794	0.77397218933	0.77397218933	2.3806401	0.2203764794
CADM1	-0.720822	-0.69895385	0.69895385	-0.385839	0.385839	0.7253103067	0.7253103067	0.94984351607	0.94984351607	0.1488717	0.7253103067
CADM3	1.3395129	0.55237076	-0.55237076	1.0392987	-1.0392987	0.3749522161	0.3749522161	0.77397218933	0.77397218933	1.0801418	0.3749522161
CADM4	-1.266962	0.97630563	-0.97630563	1.0242152	-1.0242152	0.3809942958	0.3809942958	0.77397218933	0.77397218933	1.0490168	0.3809942958
CALD1	-1.8818873	0.04812997	-0.04812997	0.0233587	-0.0233587	0.9828286767	0.9828286767	1	1	0.0005456	0.9828286767
CALM2	0.9245688	2.15314387	-2.15314387	1.6459465	-1.6459465	0.1981731556	0.1981731556	0.77397218933	0.77397218933	2.70914	0.1981731556
CAND1	-3.0577677	0.52832083	-0.52832083	0.9801436	-0.9801436	0.3991833641	0.3991833641	0.77397218933	0.77397218933	0.9606815	0.3991833641
CAP1	2.9946528	-0.35613266	0.35613266	-0.8656683	0.8656683	0.4502544279	0.4502544279	0.79367720622	0.79367720622	0.7493816	0.4502544279
CAPN1	-1.8214589	1.94429667	-1.94429667	2.2480605	-2.2480605	0.1099848921	0.1099848921	0.77397218933	0.77397218933	5.0537759	0.1099848921
CAPRIN1	-2.4602739	0.66666667	-0.66666667	1.0533372	-1.0533372	0.3694115543	0.3694115543	0.77397218933	0.77397218933	1.1095193	0.3694115543
CAPZA1	1.7241134	0.33403115	-0.33403115	0.6587591	-0.6587591	0.5570239079	0.5570239079	0.86813475437	0.86813475437	0.4339635	0.5570239079
CAPZA2	-0.8906318	-0.0826425	0.0826425	-0.0419616	0.0419616	0.9691617017	0.9691617017	1	1	0.0017608	0.9691617017
CAPZB	2.2818918	0.67884196	-0.67884196	1.5241371	-1.5241371	0.2247188249	0.2247188249	0.77397218933	0.77397218933	2.322994	0.2247188249
CASP14	1.2724411	-1.03940397	1.03940397	-0.465932	0.465932	0.6729577893	0.6729577893	0.93384599783	0.93384599783	0.2170926	0.6729577893
CBX1	-1.5793736	-2.42846741	2.42846741	-1.7063951	1.7063951	0.1863203745	0.1863203745	0.77397218933	0.77397218933	2.9117841	0.1863203745
CBX3	1.7314756	-1.32894681	1.32894681	-2.6588362	2.6588362	0.0762769959	0.0762769959	0.77397218933	0.77397218933	7.0694097	0.0762769959
CBX5	-1.8936188	-0.02466686	0.02466686	-0.0120677	0.0120677	0.9911280466	0.9911280466	1	1	0.0001456	0.9911280466
CCAR2	-1.8782984	0.28266564	-0.28266564	0.2112265	-0.2112265	0.8462241289	0.8462241289	0.99797892651	0.99797892651	0.0446166	0.8462241289
CCT2	3.1737102	0.65104779	-0.65104779	1.5484064	-1.5484064	0.2191292822	0.2191292822	0.77397218933	0.77397218933	2.3975623	0.2191292822
CCT3	1.7584009	-0.43449701	0.43449701	-0.3612446	0.3612446	0.7418208806	0.7418208806	0.95619331401	0.95619331401	0.1304976	0.7418208806
CCT4	1.4697709	-0.47554583	0.47554583	-0.3925494	0.3925494	0.7208394585	0.7208394585	0.94878823878	0.94878823878	0.1540951	0.7208394585
CCT5	1.2134246	-0.27707734	0.27707734	-0.2033994	0.2033994	0.851817243	0.851817243	0.99797892651	0.99797892651	0.0413713	0.851817243
CCT6A	0.9496304	-0.52866768	0.52866768	-0.391232	0.391232	0.7217160141	0.7217160141	0.94878823878	0.94878823878	0.1530625	0.7217160141
CCT7	0.8192518	1.5381305	-1.5381305	2.0608849	-2.0608849	0.1312297114	0.1312297114	0.77397218933	0.77397218933	4.2472466	0.1312297114
CCT8	3.1687181	0.47826892	-0.47826892	0.731863	-0.731863	0.517158985	0.517158985	0.84340413913	0.84340413913	0.5356234	0.517158985
CD200	-1.6029253	0.60605389	-0.60605389	0.2460749	-0.2460749	0.8214746948	0.8214746948	0.99797892651	0.99797892651	0.0605529	0.8214746948
CD276	2.8908623	-0.05483135	0.05483135	-0.1611711	0.1611711	0.8821847539	0.8821847539	1	1	0.0259761	0.8821847539
CD59	1.6978181	-2.17573658	2.17573658	-1.1762923	1.1762923	0.3241912938	0.3241912938	0.77397218933	0.77397218933	1.3836635	0.3241912938
CD81	-1.7460402	0.01814926	-0.01814926	0.0091334	-0.0091334	0.993285174	0.993285174	1	1	8.34e-05	0.993285174
CDC37	-1.6177269	-1.29511914	1.29511914	-1.7467716	1.7467716	0.1788519264	0.1788519264	0.77397218933	0.77397218933	3.0512111	0.1788519264
CDC42	-2.6707797	1.30229687	-1.30229687	1.1725689	-1.1725689	0.3254760767	0.3254760767	0.77397218933	0.77397218933	1.3749178	0.3254760767
CDH2	-2.0362205	-0.35679644	0.35679644	-0.1927522	0.1927522	0.8594443892	0.8594443892	0.99797892651	0.99797892651	0.0371534	0.8594443892
CDK5	-0.8708994	1.53912799	-1.53912799	1.1919393	-1.1919393	0.3188480282	0.3188480282	0.77397218933	0.77397218933	1.4207194	0.3188480282
CEND1	0.7405652	-2.46108318	2.46108318	-3.0788712	3.0788712	0.0540624508	0.0540624508	0.77397218933	0.77397218933	9.4794481	0.0540624508
CEP170	-1.4189527	0.97399916	-0.97399916	0.4502299	-0.4502299	0.6830423926	0.6830423926	0.93680617401	0.93680617401	0.202707	0.6830423926
CFL1	4.0679186	0.2974217	-0.2974217	0.894413	-0.894413	0.4369023678	0.4369023678	0.79174069086	0.79174069086	0.7999746	0.4369023678
CHCHD5	-3.3219281	0	0	0	0	1	1	1	1	0	1
CIRBP	-1.1757141	-4.29242804	4.29242804	-6.8225884	6.8225884	0.006407027	0.006407027	0.41802128181	0.41802128181	46.5477131	0.006407027
CKAP5	-1.8578223	-1.05664167	1.05664167	-1.1475449	1.1475449	0.3342448057	0.3342448057	0.77397218933	0.77397218933	1.3168593	0.3342448057
CKB	-1.7837916	-1.52832083	1.52832083	-1.1864529	1.1864529	0.3207113453	0.3207113453	0.77397218933	0.77397218933	1.4076704	0.3207113453
CLMP	-0.4795788	-0.08982022	0.08982022	-0.0913263	0.0913263	0.9329806137	0.9329806137	1	1	0.0083405	0.9329806137
CLPTM1	-2.2399526	-0.0506677	0.0506677	-0.0324196	0.0324196	0.9761705432	0.9761705432	1	1	0.001051	0.9761705432
CLTA	-1.9923814	0.12085669	-0.12085669	0.0633758	-0.0633758	0.9534473704	0.9534473704	1	1	0.0040165	0.9534473704
CLTC	5.0265807	-0.25584457	0.25584457	-0.6410438	0.6410438	0.567032627	0.567032627	0.87563887968	0.87563887968	0.4109372	0.567032627
CNBP	-2.2652864	-2.11328333	2.11328333	-2.2950898	2.2950898	0.1053127735	0.1053127735	0.77397218933	0.77397218933	5.2674373	0.1053127735
CNN3	1.8794957	-0.00803189	0.00803189	-0.0231663	0.0231663	0.9829700646	0.9829700646	1	1	0.0005367	0.9829700646
CNNM2	-3.3219281	0	0	0	0	1	1	1	1	0	1
CNP	-2.3003809	-0.17152439	0.17152439	-0.4863884	0.4863884	0.6599569189	0.6599569189	0.92499985828	0.92499985828	0.2365736	0.6599569189
CNTFR	2.5286702	0.5265868	-0.5265868	1.2376365	-1.2376365	0.3037509658	0.3037509658	0.77397218933	0.77397218933	1.531744	0.3037509658
CNTN1	1.9087056	-1.45896524	1.45896524	-1.6127	1.6127	0.205053277	0.205053277	0.77397218933	0.77397218933	2.6008012	0.205053277
COPA	-1.4091371	1.61096334	-1.61096334	1.587798	-1.587798	0.2103819782	0.2103819782	0.77397218933	0.77397218933	2.5211024	0.2103819782
COPG2	-2.7936073	0	0	0	0	1	1	1	1	0	1
CORO1A	-0.081305	-0.62482304	0.62482304	-1.4419023	1.4419023	0.2448546289	0.2448546289	0.77397218933	0.77397218933	2.0790823	0.2448546289
CORO1C	-1.728221	2.13077247	-2.13077247	1.3646083	-1.3646083	0.2655742916	0.2655742916	0.77397218933	0.77397218933	1.8621558	0.2655742916
CPNE1	-0.3148281	1.86165417	-1.86165417	2.282788	-2.282788	0.1065113591	0.1065113591	0.77397218933	0.77397218933	5.2111211	0.1065113591
CPNE3	0.1218407	3.7539111	-3.7539111	3.146669	-3.146669	0.051278817	0.051278817	0.77397218933	0.77397218933	9.9015256	0.051278817
CPOX	-2.2170353	2.20978554	-2.20978554	1.757456	-1.757456	0.1769332342	0.1769332342	0.77397218933	0.77397218933	3.0886516	0.1769332342
CPT1A	-1.8214589	1.94429667	-1.94429667	1.8314282	-1.8314282	0.1642792716	0.1642792716	0.77397218933	0.77397218933	3.3541294	0.1642792716
CRABP2	2.611112	0.64583581	-0.64583581	1.3054095	-1.3054095	0.2827059216	0.2827059216	0.77397218933	0.77397218933	1.7040939	0.2827059216
CRMP1	3.8190303	-0.21579446	0.21579446	-0.3635751	0.3635751	0.7402481146	0.7402481146	0.95619331401	0.95619331401	0.1321869	0.7402481146
CS	-1.4387268	-0.31978601	0.31978601	-0.8656118	0.8656118	0.4502810511	0.4502810511	0.79367720622	0.79367720622	0.7492837	0.4502810511
CSN1S1_COW	-0.5152752	0.8135242	-0.8135242	0.9889986	-0.9889986	0.395464222	0.395464222	0.77397218933	0.77397218933	0.9781182	0.395464222
CSN3_COW	-2.5385215	1.56681324	-1.56681324	1.1882751	-1.1882751	0.3200912677	0.3200912677	0.77397218933	0.77397218933	1.4119976	0.3200912677
CSTF2	-1.9387268	-1.21845061	1.21845061	-1.6214077	1.6214077	0.2032257153	0.2032257153	0.77397218933	0.77397218933	2.6289629	0.2032257153
CTNNA1	0.7460682	0.77215272	-0.77215272	0.7224067	-0.7224067	0.5221844777	0.5221844777	0.84567230964	0.84567230964	0.5218714	0.5221844777
CTNNB1	2.1010339	-1.08395451	1.08395451	-1.038248	1.038248	0.375370113	0.375370113	0.77397218933	0.77397218933	1.0779589	0.375370113
CTNND1	1.0383795	-2.14552355	2.14552355	-1.4483758	1.4483758	0.2432002283	0.2432002283	0.77397218933	0.77397218933	2.0977923	0.2432002283
CTSD	1.5828828	-0.63914042	0.63914042	-0.7654491	0.7654491	0.499626896	0.499626896	0.83630593138	0.83630593138	0.5859124	0.499626896
CTTN	-2.3861431	-1.87156995	1.87156995	-2.2570589	2.2570589	0.1090718893	0.1090718893	0.77397218933	0.77397218933	5.0943151	0.1090718893
CXADR	3.0743719	-0.08431973	0.08431973	-0.1361011	0.1361011	0.9003473096	0.9003473096	1	1	0.0185235	0.9003473096
CYB5B	1.0284872	0.60269391	-0.60269391	1.3621844	-1.3621844	0.266253691	0.266253691	0.77397218933	0.77397218933	1.8555464	0.266253691
CYP26B1	-0.680654	1.29769493	-1.29769493	0.8481755	-0.8481755	0.4585555746	0.4585555746	0.80218494002	0.80218494002	0.7194016	0.4585555746
DAD1	-1.3022127	-0.90580427	0.90580427	-0.6260838	0.6260838	0.5755891809	0.5755891809	0.8772079657	0.8772079657	0.391981	0.5755891809
DARS1	-1.4189527	-0.0826425	0.0826425	-0.1012192	0.1012192	0.9257520119	0.9257520119	1	1	0.0102453	0.9257520119
DBH	4.3988917	0.62596531	-0.62596531	1.6863528	-1.6863528	0.1901589761	0.1901589761	0.77397218933	0.77397218933	2.8437857	0.1901589761
DBN1	-1.2528139	-1.00460193	1.00460193	-0.4086653	0.4086653	0.7101634179	0.7101634179	0.9423841553	0.9423841553	0.1670073	0.7101634179
DBNL	-1.2936073	-4.05664167	4.05664167	-10.1171029	10.1171029	0.0020420476	0.0020420476	0.33568195051	0.33568195051	102.3557706	0.0020420476
DCHS1	1.7025019	-0.74800353	0.74800353	-1.8268106	1.8268106	0.1650379606	0.1650379606	0.77397218933	0.77397218933	3.337237	0.1650379606
DCX	-1.4881256	1.27763	-1.27763	1.0156949	-1.0156949	0.3844483382	0.3844483382	0.77397218933	0.77397218933	1.0316362	0.3844483382
DDB1	-1.3337184	-3.97641947	3.97641947	-2.302001	2.302001	0.1046465634	0.1046465634	0.77397218933	0.77397218933	5.2992085	0.1046465634
DDOST	-1.751584	0.60245164	-0.60245164	0.32963	-0.32963	0.7633195082	0.7633195082	0.97403476548	0.97403476548	0.108656	0.7633195082
DDX1	-3.0577677	0.52832083	-0.52832083	0.9801436	-0.9801436	0.3991833641	0.3991833641	0.77397218933	0.77397218933	0.9606815	0.3991833641
DDX17	-1.0024593	-1.80698582	1.80698582	-1.2671795	1.2671795	0.2943837576	0.2943837576	0.77397218933	0.77397218933	1.605744	0.2943837576
DDX21	-2.6873689	1.26911831	-1.26911831	1.1699398	-1.1699398	0.3263863658	0.3263863658	0.77397218933	0.77397218933	1.368759	0.3263863658
DDX39B	-0.6596527	-0.90497976	0.90497976	-0.5634785	0.5634785	0.6124188953	0.6124188953	0.89316891617	0.89316891617	0.317508	0.6124188953
DDX3X	1.6902218	-0.29420579	0.29420579	-0.2951668	0.2951668	0.7870849847	0.7870849847	0.99167025148	0.99167025148	0.0871234	0.7870849847
DDX5	1.6007575	-1.87566461	1.87566461	-3.3155625	3.3155625	0.0450914293	0.0450914293	0.77397218933	0.77397218933	10.9929549	0.0450914293
DEFA1B	-1.4972002	-0.1508374	0.1508374	-0.4355697	0.4355697	0.6925386616	0.6925386616	0.93680617401	0.93680617401	0.1897209	0.6925386616
DHX9	-1.6862979	-2.21461873	2.21461873	-0.8849772	0.8849772	0.4412458924	0.4412458924	0.79174069086	0.79174069086	0.7831847	0.4412458924
DIAPH1	-1.3084585	4.02693918	-4.02693918	10.8684332	-10.8684332	0.0016541297	0.0016541297	0.33568195051	0.33568195051	118.1228395	0.0016541297
DLST	-1.3681268	-0.77397603	0.77397603	-0.3329144	0.3329144	0.7610722255	0.7610722255	0.97294581213	0.97294581213	0.110832	0.7610722255
DNAJA1	-1.9885948	0	0	0	0	1	1	1	1	0	1
DPM3	-1.5485539	-3.54674831	3.54674831	-2.3917901	2.3917901	0.0964387582	0.0964387582	0.77397218933	0.77397218933	5.7206597	0.0964387582
DPP6	-2.7936073	-1.05664167	1.05664167	-1.9602873	1.9602873	0.1446557199	0.1446557199	0.77397218933	0.77397218933	3.8427262	0.1446557199
DPY30	-1.7732078	0.26548887	-0.26548887	0.1198693	-0.1198693	0.912151659	0.912151659	1	1	0.0143686	0.912151659
DPYSL2	4.7669755	-0.13573807	0.13573807	-0.3267501	0.3267501	0.7652926926	0.7652926926	0.97477061937	0.97477061937	0.1067656	0.7652926926
DPYSL3	3.2915298	-0.13521814	0.13521814	-0.1914976	0.1914976	0.8603444915	0.8603444915	0.99797892651	0.99797892651	0.0366713	0.8603444915
DPYSL4	-2.7936073	1.05664167	-1.05664167	1.1475449	-1.1475449	0.3342448057	0.3342448057	0.77397218933	0.77397218933	1.3168593	0.3342448057
DPYSL5	-0.0238477	-2.75956919	2.75956919	-1.4412167	1.4412167	0.2450305565	0.2450305565	0.77397218933	0.77397218933	2.0771057	0.2450305565
DSG1	3.3849505	-0.95207261	0.95207261	-1.0064023	1.0064023	0.388249429	0.388249429	0.77397218933	0.77397218933	1.0128456	0.388249429
DSTN	-1.1579771	1.93792706	-1.93792706	1.5890709	-1.5890709	0.2101058681	0.2101058681	0.77397218933	0.77397218933	2.5251463	0.2101058681
DUT	-1.1647507	2.76640267	-2.76640267	7.2663822	-7.2663822	0.0053479318	0.0053479318	0.41476182077	0.41476182077	52.8003096	0.0053479318
DYNC1H1	-0.8062622	1.12601107	-1.12601107	0.3820715	-0.3820715	0.7278268803	0.7278268803	0.95135423676	0.95135423676	0.1459786	0.7278268803
DYNC1I2	-3.0577677	-0.52832083	0.52832083	-0.9801436	0.9801436	0.3991833641	0.3991833641	0.77397218933	0.77397218933	0.9606815	0.3991833641
DYNLL1	1.4855889	-0.81750407	0.81750407	-1.7145806	1.7145806	0.1847780243	0.1847780243	0.77397218933	0.77397218933	2.9397865	0.1847780243
DYNLRB1	-1.5587088	0.13479675	-0.13479675	0.0606393	-0.0606393	0.9554540818	0.9554540818	1	1	0.0036771	0.9554540818
DYNLT1	-2.5786895	-1.48647721	1.48647721	-1.18432	1.18432	0.3214387061	0.3214387061	0.77397218933	0.77397218933	1.4026138	0.3214387061
ECH1	-0.6696435	2.4726175	-2.4726175	1.6661442	-1.6661442	0.1941204319	0.1941204319	0.77397218933	0.77397218933	2.7760364	0.1941204319
ECHS1	-1.5169743	1.73833763	-1.73833763	0.9101107	-0.9101107	0.4297613884	0.4297613884	0.78733188738	0.78733188738	0.8283015	0.4297613884
ECI1	-3.0577677	0.52832083	-0.52832083	0.9801436	-0.9801436	0.3991833641	0.3991833641	0.77397218933	0.77397218933	0.9606815	0.3991833641
EEF1A1	4.2595178	0.00859078	-0.00859078	0.0225935	-0.0225935	0.9833910474	0.9833910474	1	1	0.0005105	0.9833910474
EEF1B2	-1.7973939	-0.93578497	0.93578497	-0.5479294	0.5479294	0.621816963	0.621816963	0.89316891617	0.89316891617	0.3002266	0.621816963
EEF1G	0.7450973	0.85381553	-0.85381553	0.4257588	-0.4257588	0.6989363959	0.6989363959	0.9386891966	0.9386891966	0.1812706	0.6989363959
EEF2	3.6442052	0.1521183	-0.1521183	0.4531195	-0.4531195	0.6811797896	0.6811797896	0.93680617401	0.93680617401	0.2053173	0.6811797896
EFNB2	-1.5615544	-3.52074747	3.52074747	-9.8407181	9.8407181	0.0022149621	0.0022149621	0.33568195051	0.33568195051	96.8397329	0.0022149621
EIF3A	-2.0615544	0.40746414	-0.40746414	0.2241627	-0.2241627	0.837006837	0.837006837	0.99797892651	0.99797892651	0.0502489	0.837006837
EIF4A1	-0.6217145	0.15351739	-0.15351739	0.0764123	-0.0764123	0.9438940493	0.9438940493	1	1	0.0058388	0.9438940493
EIF4A3	-2.5385215	-1.56681324	1.56681324	-1.1882751	1.1882751	0.3200912677	0.3200912677	0.77397218933	0.77397218933	1.4119976	0.3200912677
EIF4B	-1.5169743	-0.4762811	0.4762811	-0.370687	0.370687	0.7354592115	0.7354592115	0.95540416467	0.95540416467	0.1374089	0.7354592115
EIF5A	-1.8782984	0.77397603	-0.77397603	1.0907978	-1.0907978	0.3550124416	0.3550124416	0.77397218933	0.77397218933	1.1898399	0.3550124416
ELAVL1	-2.1831131	-2.27763	2.27763	-1.7407031	1.7407031	0.1799522975	0.1799522975	0.77397218933	0.77397218933	3.0300473	0.1799522975
ELAVL4	-2.1460477	2.35176081	-2.35176081	2.2025221	-2.2025221	0.1147489306	0.1147489306	0.77397218933	0.77397218933	4.8511038	0.1147489306
ELMOD2	-1.7961251	3.05160604	-3.05160604	2.3555732	-2.3555732	0.0996518716	0.0996518716	0.77397218933	0.77397218933	5.5487249	0.0996518716
EMD	-2.1917015	-0.71250117	0.71250117	-1.0709224	1.0709224	0.3625827294	0.3625827294	0.77397218933	0.77397218933	1.1468747	0.3625827294
ENAH	-1.3183158	2.13565473	-2.13565473	1.483228	-1.483228	0.2344995963	0.2344995963	0.77397218933	0.77397218933	2.1999653	0.2344995963
ENO1	3.7254589	-0.11568434	0.11568434	-0.2470361	0.2470361	0.8207958157	0.8207958157	0.99797892651	0.99797892651	0.0610268	0.8207958157
EPDR1	-2.8540356	-0.93578497	0.93578497	-1.1285295	1.1285295	0.3410659519	0.3410659519	0.77397218933	0.77397218933	1.2735788	0.3410659519
EPHB2	2.5520117	-2.42303685	2.42303685	-1.3289322	1.3289322	0.2757627921	0.2757627921	0.77397218933	0.77397218933	1.7660608	0.2757627921
EPRS1	0.8898113	-1.28523931	1.28523931	-0.7742485	0.7742485	0.4951154853	0.4951154853	0.83475992451	0.83475992451	0.5994607	0.4951154853
ERH	0.0332238	-0.68618796	0.68618796	-0.8134698	0.8134698	0.4754205174	0.4754205174	0.81334196357	0.81334196357	0.6617332	0.4754205174
ERO1A	-1.9627917	-0.11367897	0.11367897	-0.3376051	0.3376051	0.7578680991	0.7578680991	0.97062740027	0.97062740027	0.1139772	0.7578680991
ERP29	0.6379424	0.73819802	-0.73819802	0.4360496	-0.4360496	0.692226582	0.692226582	0.93680617401	0.93680617401	0.1901392	0.692226582
ERP44	0.4030961	-1.64975518	1.64975518	-0.945098	0.945098	0.4142252466	0.4142252466	0.77676332937	0.77676332937	0.8932103	0.4142252466
ESYT1	1.1406644	-0.79329762	0.79329762	-0.4407439	0.4407439	0.6891782092	0.6891782092	0.93680617401	0.93680617401	0.1942552	0.6891782092
EZR	-1.0471269	-1.41597584	1.41597584	-1.1803206	1.1803206	0.3228070626	0.3228070626	0.77397218933	0.77397218933	1.3931567	0.3228070626
FABP5	0.9864628	-2.04169026	2.04169026	-1.4978989	1.4978989	0.2309392768	0.2309392768	0.77397218933	0.77397218933	2.243701	0.2309392768
FAM234A	2.1237505	-0.81868101	0.81868101	-1.3154021	1.3154021	0.2797342082	0.2797342082	0.77397218933	0.77397218933	1.7302827	0.2797342082
FASN	3.1309357	2.50923895	-2.50923895	1.216919	-1.216919	0.3105026735	0.3105026735	0.77397218933	0.77397218933	1.4808919	0.3105026735
FBL	-2.2146187	-0.66666667	0.66666667	-1.0533372	1.0533372	0.3694115543	0.3694115543	0.77397218933	0.77397218933	1.1095193	0.3694115543
FDFT1	-1.9168527	0.20555712	-0.20555712	0.1142486	-0.1142486	0.9162464919	0.9162464919	1	1	0.0130527	0.9162464919
FKBP4	1.7221692	-0.85369513	0.85369513	-2.046822	2.046822	0.1330151688	0.1330151688	0.77397218933	0.77397218933	4.1894803	0.1330151688
FLG	-1.0272652	0.61986163	-0.61986163	0.2276186	-0.2276186	0.8345502718	0.8345502718	0.99797892651	0.99797892651	0.0518102	0.8345502718
FLNB	3.097663	0.62350159	-0.62350159	1.0800607	-1.0800607	0.3590826774	0.3590826774	0.77397218933	0.77397218933	1.1665311	0.3590826774
FLOT1	-1.5294468	1.1949875	-1.1949875	1.3677845	-1.3677845	0.2646868236	0.2646868236	0.77397218933	0.77397218933	1.8708343	0.2646868236
FLOT2	-1.9923814	2.65909331	-2.65909331	2.3167328	-2.3167328	0.1032434108	0.1032434108	0.77397218933	0.77397218933	5.3672508	0.1032434108
FLVCR1	-1.2491428	0.69895385	-0.69895385	0.7264283	-0.7264283	0.5200424394	0.5200424394	0.84416191326	0.84416191326	0.527698	0.5200424394
FSCN1	1.8019846	1.20728515	-1.20728515	0.6820705	-0.6820705	0.5440594578	0.5440594578	0.86111905117	0.86111905117	0.4652202	0.5440594578
FTH1	-1.5572985	-1.41597584	1.41597584	-1.7157562	1.7157562	0.1845576921	0.1845576921	0.77397218933	0.77397218933	2.9438194	0.1845576921
FUBP1	-2.0102006	-0.51017157	0.51017157	-0.2695024	0.2695024	0.8049892958	0.8049892958	0.99797892651	0.99797892651	0.0726315	0.8049892958
FUBP3	-2.5294468	0.52832083	-0.52832083	0.9801436	-0.9801436	0.3991833641	0.3991833641	0.77397218933	0.77397218933	0.9606815	0.3991833641
FUS	-1.8611162	-1.3736718	1.3736718	-0.6350183	0.6350183	0.5704675154	0.5704675154	0.87595931672	0.87595931672	0.4032483	0.5704675154
FXR1	-2.0856193	0.35933417	-0.35933417	0.2015683	-0.2015683	0.8531274678	0.8531274678	0.99797892651	0.99797892651	0.0406298	0.8531274678
G3BP2	-3.0577677	-0.52832083	0.52832083	-0.9801436	0.9801436	0.3991833641	0.3991833641	0.77397218933	0.77397218933	0.9606815	0.3991833641
GANAB	-3.0577677	-0.52832083	0.52832083	-0.9801436	0.9801436	0.3991833641	0.3991833641	0.77397218933	0.77397218933	0.9606815	0.3991833641
GAP43	3.5552025	-0.26705154	0.26705154	-0.4367294	0.4367294	0.6917846272	0.6917846272	0.93680617401	0.93680617401	0.1907326	0.6917846272
GAPDH	5.1517591	-0.08435486	0.08435486	-0.2591368	0.2591368	0.8122673344	0.8122673344	0.99797892651	0.99797892651	0.0671519	0.8122673344
GARS1	-0.8752565	-0.07413081	0.07413081	-0.0391684	0.0391684	0.9712130619	0.9712130619	1	1	0.0015342	0.9712130619
GART	-2.0102006	-2.62345491	2.62345491	-2.2333669	2.2333669	0.1114956152	0.1114956152	0.77397218933	0.77397218933	4.9879275	0.1114956152
GDAP1	-1.3116433	0.35933417	-0.35933417	0.8228215	-0.8228215	0.4708242348	0.4708242348	0.80745777863	0.80745777863	0.6770353	0.4708242348
GDI2	-0.385674	0.40606006	-0.40606006	0.2103489	-0.2103489	0.8468506528	0.8468506528	0.99797892651	0.99797892651	0.0442467	0.8468506528
GET3	-2.9349401	0.77397603	-0.77397603	1.0907978	-1.0907978	0.3550124416	0.3550124416	0.77397218933	0.77397218933	1.1898399	0.3550124416
GFRA2	-2.504113	1.6356302	-1.6356302	1.1912358	-1.1912358	0.3190863537	0.3190863537	0.77397218933	0.77397218933	1.4190427	0.3190863537
GGCT	-0.9313277	-1.18632243	1.18632243	-1.3538392	1.3538392	0.2686070018	0.2686070018	0.77397218933	0.77397218933	1.8328805	0.2686070018
GLUD1	-1.5986198	3.44661667	-3.44661667	8.7337863	-8.7337863	0.0031396125	0.0031396125	0.33568195051	0.33568195051	76.2790236	0.0031396125
GNA13	2.7292009	0.12431737	-0.12431737	0.2157501	-0.2157501	0.8429971247	0.8429971247	0.99797892651	0.99797892651	0.0465481	0.8429971247
GNAI3	2.2963087	1.04620547	-1.04620547	1.2312692	-1.2312692	0.3058098144	0.3058098144	0.77397218933	0.77397218933	1.5160239	0.3058098144
GNB1	3.43483	-0.11776696	0.11776696	-0.2580172	0.2580172	0.8130549471	0.8130549471	0.99797892651	0.99797892651	0.0665729	0.8130549471
GNG2	-1.024489	0.87156995	-0.87156995	0.3890859	-0.3890859	0.7231451906	0.7231451906	0.94878823878	0.94878823878	0.1513878	0.7231451906
GOT2	-2.0102006	-2.62345491	2.62345491	-2.2333669	2.2333669	0.1114956152	0.1114956152	0.77397218933	0.77397218933	4.9879275	0.1114956152
GPC2	0.2817582	-1.73115991	1.73115991	-1.350342	1.350342	0.2695997567	0.2695997567	0.77397218933	0.77397218933	1.8234234	0.2695997567
GPC6	-1.9627917	1.17032064	-1.17032064	2.0096897	-2.0096897	0.1378694969	0.1378694969	0.77397218933	0.77397218933	4.0388526	0.1378694969
GPRIN1	0.989625	0.60865687	-0.60865687	0.4238999	-0.4238999	0.7001524752	0.7001524752	0.9386891966	0.9386891966	0.1796911	0.7001524752
GPX1	-0.6780261	-0.50785399	0.50785399	-0.2231829	0.2231829	0.8377037282	0.8377037282	0.99797892651	0.99797892651	0.0498106	0.8377037282
GRPEL1	0.2596802	0.66330373	-0.66330373	0.5211918	-0.5211918	0.6382048353	0.6382048353	0.90358412788	0.90358412788	0.2716409	0.6382048353
GSPT1	-2.0196312	-2.60459373	2.60459373	-6.5534583	6.5534583	0.0071866123	0.0071866123	0.41802128181	0.41802128181	42.9478162	0.0071866123
GSTM3	-2.117125	-2.40960623	2.40960623	-2.3081799	2.3081799	0.1040552539	0.1040552539	0.77397218933	0.77397218933	5.3276942	0.1040552539
GSTO1	0.3091772	1.30053425	-1.30053425	1.0402095	-1.0402095	0.3745903295	0.3745903295	0.77397218933	0.77397218933	1.0820358	0.3745903295
GSTP1	0.6440739	2.26014086	-2.26014086	2.4523617	-2.4523617	0.0913420907	0.0913420907	0.77397218933	0.77397218933	6.0140781	0.0913420907
GTF2I	-3.3219281	0	0	0	0	1	1	1	1	0	1
H1-2	-1.8064686	-1.97427738	1.97427738	-1.2713959	1.2713959	0.2930714839	0.2930714839	0.77397218933	0.77397218933	1.6164476	0.2930714839
H1-5	-3.3219281	0	0	0	0	1	1	1	1	0	1
H2AC13	1.0216276	2.07652506	-2.07652506	1.3663321	-1.3663321	0.2650922332	0.2650922332	0.77397218933	0.77397218933	1.8668635	0.2650922332
H2BC14	-1.1622902	2.20599252	-2.20599252	1.9028551	-1.9028551	0.153043688	0.153043688	0.77397218933	0.77397218933	3.6208576	0.153043688
H3C15	-2.6139402	1.41597584	-1.41597584	1.1803206	-1.1803206	0.3228070626	0.3228070626	0.77397218933	0.77397218933	1.3931567	0.3228070626
H4C15	2.8140203	0.16250217	-0.16250217	0.2347782	-0.2347782	0.8294691074	0.8294691074	0.99797892651	0.99797892651	0.0551208	0.8294691074
HADHA	3.3585756	0.1586726	-0.1586726	0.2464556	-0.2464556	0.8212058257	0.8212058257	0.99797892651	0.99797892651	0.0607403	0.8212058257
HADHB	-0.0375661	1.6578426	-1.6578426	1.4433489	-1.4433489	0.2444838721	0.2444838721	0.77397218933	0.77397218933	2.0832561	0.2444838721
HBB	-1.5654016	-0.45641127	0.45641127	-0.9250793	0.9250793	0.423050605	0.423050605	0.78083570948	0.78083570948	0.8557717	0.423050605
HDAC2	-2.3145291	2.01479804	-2.01479804	1.8104723	-1.8104723	0.1677550602	0.1677550602	0.77397218933	0.77397218933	3.2778101	0.1677550602
HDGF	-2.9349401	-0.77397603	0.77397603	-1.0907978	1.0907978	0.3550124416	0.3550124416	0.77397218933	0.77397218933	1.1898399	0.3550124416
HLA-A	-2.2652864	0	0	0	0	1	1	1	1	0	1
HMGB1	2.4864212	0.91575097	-0.91575097	1.5230105	-1.5230105	0.2249821057	0.2249821057	0.77397218933	0.77397218933	2.3195609	0.2249821057
HMGCS1	-1.7460402	-2.09513407	2.09513407	-1.7877422	1.7877422	0.171621396	0.171621396	0.77397218933	0.77397218933	3.1960222	0.171621396
HNRNPA0	-1.6286162	-0.41366937	0.41366937	-0.1709126	0.1709126	0.8751525351	0.8751525351	1	1	0.0292111	0.8751525351
HNRNPA1	0.4402562	-1.16881537	1.16881537	-1.2277548	1.2277548	0.3069523446	0.3069523446	0.77397218933	0.77397218933	1.5073818	0.3069523446
HNRNPA2B1	0.3075518	-1.50605544	1.50605544	-0.7620909	0.7620909	0.5013576393	0.5013576393	0.83719529248	0.83719529248	0.5807825	0.5013576393
HNRNPA3	-0.2067505	-1.31947363	1.31947363	-0.6869801	0.6869801	0.5413590719	0.5413590719	0.8607485927	0.8607485927	0.4719416	0.5413590719
HNRNPAB	-0.7608744	-1.75917799	1.75917799	-0.6013895	0.6013895	0.5899209594	0.5899209594	0.88788018176	0.88788018176	0.3616693	0.5899209594
HNRNPC	0.2043293	-0.4163839	0.4163839	-0.5361868	0.5361868	0.6289790723	0.6289790723	0.89964629602	0.89964629602	0.2874963	0.6289790723
HNRNPD	-0.5403141	-3.4499447	3.4499447	-8.707814	8.707814	0.0031669733	0.0031669733	0.33568195051	0.33568195051	75.8260254	0.0031669733
HNRNPDL	-2.1727918	-2.29827259	2.29827259	-1.2079168	1.2079168	0.3134841877	0.3134841877	0.77397218933	0.77397218933	1.4590631	0.3134841877
HNRNPF	-0.8119599	-1.16569658	1.16569658	-0.3971843	0.3971843	0.7177601451	0.7177601451	0.94878823878	0.94878823878	0.1577554	0.7177601451
HNRNPH1	2.9507844	-0.38271398	0.38271398	-0.6346856	0.6346856	0.5706576326	0.5706576326	0.87595931672	0.87595931672	0.4028258	0.5706576326
HNRNPH3	-1.2732078	-1.12448613	1.12448613	-0.441109	0.441109	0.6889414693	0.6889414693	0.93680617401	0.93680617401	0.1945771	0.6889414693
HNRNPK	3.5612707	-0.23415588	0.23415588	-0.4178877	0.4178877	0.704093658	0.704093658	0.9386891966	0.9386891966	0.1746301	0.704093658
HNRNPL	-1.5517387	-1.42709537	1.42709537	-0.5513296	0.5513296	0.6197534682	0.6197534682	0.89316891617	0.89316891617	0.3039643	0.6197534682
HNRNPM	-1.0288215	-2.37159448	2.37159448	-0.9730787	0.9730787	0.4021741524	0.4021741524	0.77498583545	0.77498583545	0.9468822	0.4021741524
HNRNPR	0.4580876	-2.35084394	2.35084394	-3.4905143	3.4905143	0.0396462959	0.0396462959	0.77397218933	0.77397218933	12.1836899	0.0396462959
HNRNPU	2.3386875	0.86157833	-0.86157833	0.7525925	-0.7525925	0.5062796162	0.5062796162	0.83774854939	0.83774854939	0.5663954	0.5062796162
HNRNPUL2	-2.2652864	0	0	0	0	1	1	1	1	0	1
HPCAL1	-0.6024064	0.12085669	-0.12085669	0.0560099	-0.0560099	0.9588499157	0.9588499157	1	1	0.0031371	0.9588499157
HPCAL4	-2.7682734	1.10730936	-1.10730936	1.1539388	-1.1539388	0.3319819861	0.3319819861	0.77397218933	0.77397218933	1.3315747	0.3319819861
HPRT1	2.0244569	0.09269531	-0.09269531	0.2731966	-0.2731966	0.8024018211	0.8024018211	0.99797892651	0.99797892651	0.0746364	0.8024018211
HSD17B10	3.7949593	0.33637307	-0.33637307	0.9802039	-0.9802039	0.3991579341	0.3991579341	0.77397218933	0.77397218933	0.9607997	0.3991579341
HSD17B12	-1.3992202	2.29746368	-2.29746368	4.6100492	-4.6100492	0.0191276328	0.0191276328	0.77397218933	0.77397218933	21.2525538	0.0191276328
HSD17B4	-1.1719094	-1.37182574	1.37182574	-1.3097714	1.3097714	0.2814046767	0.2814046767	0.77397218933	0.77397218933	1.7155011	0.2814046767
HSP90AB1	3.2201953	0.19519709	-0.19519709	0.5609681	-0.5609681	0.6139295503	0.6139295503	0.89316891617	0.89316891617	0.3146852	0.6139295503
HSPA1A	4.2749106	0.19825942	-0.19825942	0.5110236	-0.5110236	0.6445113911	0.6445113911	0.91066589262	0.91066589262	0.2611451	0.6445113911
HSPA5	5.5914519	0.01753342	-0.01753342	0.0480823	-0.0480823	0.9646678255	0.9646678255	1	1	0.0023119	0.9646678255
HSPA8	6.0307322	-0.04329343	0.04329343	-0.1299038	0.1299038	0.9048503798	0.9048503798	1	1	0.016875	0.9048503798
HSPA9	4.6249638	-0.01042794	0.01042794	-0.0296863	0.0296863	0.9781788039	0.9781788039	1	1	0.0008813	0.9781788039
HSPB1	0.7757999	1.52691264	-1.52691264	1.6870747	-1.6870747	0.1900191576	0.1900191576	0.77397218933	0.77397218933	2.8462211	0.1900191576
HSPBP1	-2.6269406	-1.389975	1.389975	-1.1787014	1.1787014	0.323362737	0.323362737	0.77397218933	0.77397218933	1.389337	0.323362737
HSPD1	5.2223222	0.3171353	-0.3171353	0.8670749	-0.8670749	0.449592717	0.449592717	0.79367720622	0.79367720622	0.7518189	0.449592717
HSPE1	1.3644325	1.21637585	-1.21637585	0.6950134	-0.6950134	0.5369630964	0.5369630964	0.85577643824	0.85577643824	0.4830436	0.5369630964
HSPH1	3.724707	-0.04944556	0.04944556	-0.1210173	0.1210173	0.9113157551	0.9113157551	1	1	0.0146452	0.9113157551
HUWE1	-1.9387268	1.21845061	-1.21845061	1.6214077	-1.6214077	0.2032257153	0.2032257153	0.77397218933	0.77397218933	2.6289629	0.2032257153
HYOU1	2.6604061	-0.21552842	0.21552842	-0.2041003	0.2041003	0.8513159264	0.8513159264	0.99797892651	0.99797892651	0.0416569	0.8513159264
IARS1	-1.0695579	0.84350491	-0.84350491	0.5010412	-0.5010412	0.6507418732	0.6507418732	0.91747987181	0.91747987181	0.2510423	0.6507418732
IDH2	1.4563452	2.85302505	-2.85302505	1.8689857	-1.8689857	0.1582562573	0.1582562573	0.77397218933	0.77397218933	3.4931076	0.1582562573
IGLON5	-0.5958528	-3.06217566	3.06217566	-2.9496914	2.9496914	0.0599131258	0.0599131258	0.77397218933	0.77397218933	8.7006794	0.0599131258
ILF2	-0.1936734	0.17032064	-0.17032064	0.2081331	-0.2081331	0.8484331785	0.8484331785	0.99797892651	0.99797892651	0.0433194	0.8484331785
ILF3	-1.0838463	-0.81492828	0.81492828	-0.2781564	0.2781564	0.7989332753	0.7989332753	0.99797892651	0.99797892651	0.077371	0.7989332753
IMPDH2	-0.5393402	2.73322411	-2.73322411	2.0475362	-2.0475362	0.1329237967	0.1329237967	0.77397218933	0.77397218933	4.1924047	0.1329237967
INA	0.8907006	-3.42006095	3.42006095	-2.790732	2.790732	0.0682446274	0.0682446274	0.77397218933	0.77397218933	7.7881852	0.0682446274
IPO5	4.0466804	-0.05736779	0.05736779	-0.1653217	0.1653217	0.8791866556	0.8791866556	1	1	0.0273313	0.8791866556
IPO7	-2.4066192	-1.8306177	1.8306177	-2.1845126	2.1845126	0.1167012061	0.1167012061	0.77397218933	0.77397218933	4.7720951	0.1167012061
IPO9	-2.6707797	-1.30229687	1.30229687	-1.1725689	1.1725689	0.3254760767	0.3254760767	0.77397218933	0.77397218933	1.3749178	0.3254760767
ISOC1	0.8103481	-1.84134509	1.84134509	-1.0291155	1.0291155	0.3790211935	0.3790211935	0.77397218933	0.77397218933	1.0590788	0.3790211935
ISYNA1	-1.4769079	1.47542158	-1.47542158	0.8885261	-0.8885261	0.4396077339	0.4396077339	0.79174069086	0.79174069086	0.7894787	0.4396077339
ITGA1	4.638357	0.77936815	-0.77936815	1.5322433	-1.5322433	0.222834544	0.222834544	0.77397218933	0.77397218933	2.3477694	0.222834544
ITGA2	1.6374293	3.86750443	-3.86750443	3.0144463	-3.0144463	0.0568860207	0.0568860207	0.77397218933	0.77397218933	9.0868865	0.0568860207
ITGAV	1.4666047	4.79045953	-4.79045953	2.6294679	-2.6294679	0.0782222855	0.0782222855	0.77397218933	0.77397218933	6.9141016	0.0782222855
ITGB1	5.1564376	0.64718661	-0.64718661	1.797388	-1.797388	0.1699682761	0.1699682761	0.77397218933	0.77397218933	3.2306035	0.1699682761
ITGB5	-0.4720642	1.37182574	-1.37182574	0.6584485	-0.6584485	0.5571982378	0.5571982378	0.86813475437	0.86813475437	0.4335544	0.5571982378
JPT1	-2.3334719	1.97691245	-1.97691245	1.2018182	-1.2018182	0.3155206492	0.3155206492	0.77397218933	0.77397218933	1.4443669	0.3155206492
JPT2	-1.5572985	-1.41597584	1.41597584	-0.7392987	0.7392987	0.5132348455	0.5132348455	0.8430181381	0.8430181381	0.5465626	0.5132348455
K2M2_SHEEP	-1.8324884	-0.76426058	0.76426058	-1.0879051	1.0879051	0.3561045406	0.3561045406	0.77397218933	0.77397218933	1.1835375	0.3561045406
KARS1	-2.8540356	0.93578497	-0.93578497	1.1285295	-1.1285295	0.3410659519	0.3410659519	0.77397218933	0.77397218933	1.2735788	0.3410659519
KCTD12	-2.6139402	1.41597584	-1.41597584	1.1803206	-1.1803206	0.3228070626	0.3228070626	0.77397218933	0.77397218933	1.3931567	0.3228070626
KHDRBS1	-2.3414876	-1.96088102	1.96088102	-1.2014363	1.2014363	0.3156486093	0.3156486093	0.77397218933	0.77397218933	1.4434492	0.3156486093
KHSRP	-0.5067811	-2.49666743	2.49666743	-3.18272	3.18272	0.0498721309	0.0498721309	0.77397218933	0.77397218933	10.1297064	0.0498721309
KIF21A	-2.8540356	-0.93578497	0.93578497	-1.1285295	1.1285295	0.3410659519	0.3410659519	0.77397218933	0.77397218933	1.2735788	0.3410659519
KIF5C	1.1193512	1.06706903	-1.06706903	0.5560748	-0.5560748	0.6168815001	0.6168815001	0.89316891617	0.89316891617	0.3092192	0.6168815001
KLC1	-2.4232085	-1.79743914	1.79743914	-1.8777855	1.8777855	0.1568823463	0.1568823463	0.77397218933	0.77397218933	3.5260784	0.1568823463
KPNA2	-2.117125	0.1949875	-0.1949875	0.5406221	-0.5406221	0.6262673525	0.6262673525	0.89760700625	0.89760700625	0.2922723	0.6262673525
KPNB1	5.2267504	-0.21093034	0.21093034	-0.5230861	0.5230861	0.6370344695	0.6370344695	0.90358412788	0.90358412788	0.273619	0.6370344695
KRT77	2.172413	-1.01074158	1.01074158	-0.3180027	0.3180027	0.7713005309	0.7713005309	0.97980509895	0.97980509895	0.1011257	0.7713005309
KTN1	-2.6139402	-1.41597584	1.41597584	-1.1803206	1.1803206	0.3228070626	0.3228070626	0.77397218933	0.77397218933	1.3931567	0.3228070626
L1CAM	3.5089564	0.01347626	-0.01347626	0.0368049	-0.0368049	0.9729489999	0.9729489999	1	1	0.0013546	0.9729489999
LAMC1	-2.6269406	1.389975	-1.389975	1.1787014	-1.1787014	0.323362737	0.323362737	0.77397218933	0.77397218933	1.389337	0.323362737
LAMP1	-2.3718548	-1.90014657	1.90014657	-1.1999046	1.1999046	0.3161624152	0.3161624152	0.77397218933	0.77397218933	1.439771	0.3161624152
LAMTOR1	-2.5294468	-0.52832083	0.52832083	-0.4456949	0.4456949	0.6859717321	0.6859717321	0.93680617401	0.93680617401	0.1986439	0.6859717321
LCE1C	0.7043441	0.61599897	-0.61599897	1.4975564	-1.4975564	0.2310217144	0.2310217144	0.77397218933	0.77397218933	2.2426751	0.2310217144
LDAH	-1.6638669	3.31612241	-3.31612241	2.3740736	-2.3740736	0.097994546	0.097994546	0.77397218933	0.77397218933	5.6362252	0.097994546
LDHB	4.2195242	-0.13585047	0.13585047	-0.414466	0.414466	0.7063422419	0.7063422419	0.93909882827	0.93909882827	0.1717821	0.7063422419
LETM1	-2.4811957	1.68146471	-1.68146471	1.1930199	-1.1930199	0.3184823403	0.3184823403	0.77397218933	0.77397218933	1.4232965	0.3184823403
LGALS1	3.5053106	0.17866957	-0.17866957	0.5478071	-0.5478071	0.6218912511	0.6218912511	0.89316891617	0.89316891617	0.3000927	0.6218912511
LGALS7B	-1.9991551	-1.09759392	1.09759392	-1.1527731	1.1527731	0.3323933716	0.3323933716	0.77397218933	0.77397218933	1.3288859	0.3323933716
LMAN2	-3.3219281	0	0	0	0	1	1	1	1	0	1
LMNB1	-2.0856193	0.35933417	-0.35933417	0.2015683	-0.2015683	0.8531274678	0.8531274678	0.99797892651	0.99797892651	0.0406298	0.8531274678
LOR	-2.137174	-1.31286649	1.31286649	-0.7345947	0.7345947	0.5157145343	0.5157145343	0.8430181381	0.8430181381	0.5396293	0.5157145343
LRP1	-3.0577677	-0.52832083	0.52832083	-0.9801436	0.9801436	0.3991833641	0.3991833641	0.77397218933	0.77397218933	0.9606815	0.3991833641
LRPPRC	-0.1988291	3.0762729	-3.0762729	2.9169674	-2.9169674	0.0615196611	0.0615196611	0.77397218933	0.77397218933	8.5086986	0.0615196611
LRRC4B	-2.0856193	-0.35933417	0.35933417	-0.2015683	0.2015683	0.8531274678	0.8531274678	0.99797892651	0.99797892651	0.0406298	0.8531274678
LRRC59	-0.9104059	1.65311934	-1.65311934	0.9518851	-0.9518851	0.4112717653	0.4112717653	0.77498583545	0.77498583545	0.9060852	0.4112717653
LSAMP	3.4360578	0.31161798	-0.31161798	0.6340779	-0.6340779	0.5710049987	0.5710049987	0.87595931672	0.87595931672	0.4020548	0.5710049987
LSS	1.6463888	0.07085099	-0.07085099	0.0687257	-0.0687257	0.9495255238	0.9495255238	1	1	0.0047232	0.9495255238
LUC7L2	-0.5036438	0.69133353	-0.69133353	0.9317053	-0.9317053	0.4201105943	0.4201105943	0.77988615639	0.77988615639	0.8680748	0.4201105943
LYZ	-1.7116317	-1.10730936	1.10730936	-1.2273761	1.2273761	0.3070757227	0.3070757227	0.77397218933	0.77397218933	1.506452	0.3070757227
M6PR	-1.3693393	1.07322601	-1.07322601	1.9707616	-1.9707616	0.143184664	0.143184664	0.77397218933	0.77397218933	3.8839012	0.143184664
MAOA	-2.1269406	-0.27669167	0.27669167	-0.7011415	0.7011415	0.5336285586	0.5336285586	0.85577643824	0.85577643824	0.4915994	0.5336285586
MAP1B	1.2588157	-2.314624	2.314624	-1.2871526	1.2871526	0.288221183	0.288221183	0.77397218933	0.77397218933	1.6567617	0.288221183
MAP4K4	-1.2072197	-1.34813137	1.34813137	-1.2331469	1.2331469	0.3052011619	0.3052011619	0.77397218933	0.77397218933	1.5206514	0.3052011619
MARCKS	3.239143	0.00308467	-0.00308467	0.0071949	-0.0071949	0.9947103626	0.9947103626	1	1	5.18e-05	0.9947103626
MARCKSL1	2.0967026	-0.73912478	0.73912478	-1.9213688	1.9213688	0.1502790968	0.1502790968	0.77397218933	0.77397218933	3.691658	0.1502790968
MARS1	-1.9232085	0.13077247	-0.13077247	0.0652736	-0.0652736	0.9520558947	0.9520558947	1	1	0.0042606	0.9520558947
MAT2A	1.8635159	-0.51671653	0.51671653	-0.6765807	0.6765807	0.5470914388	0.5470914388	0.86126034479	0.86126034479	0.4577614	0.5470914388
MAT2B	0.0692571	0.73115991	-0.73115991	0.7003192	-0.7003192	0.5340750352	0.5340750352	0.85577643824	0.85577643824	0.490447	0.5340750352
MATR3	-2.0971401	-2.44957605	2.44957605	-1.2100151	1.2100151	0.3127866489	0.3127866489	0.77397218933	0.77397218933	1.4641365	0.3127866489
MCAM	-1.6492325	-0.24948708	0.24948708	-0.6524767	0.6524767	0.5605578842	0.5605578842	0.87106241397	0.87106241397	0.4257259	0.5605578842
MCCC2	-2.9349401	-0.77397603	0.77397603	-1.0907978	1.0907978	0.3550124416	0.3550124416	0.77397218933	0.77397218933	1.1898399	0.3550124416
MDH1	0.0302368	1.04309434	-1.04309434	0.6713594	-0.6713594	0.5499871793	0.5499871793	0.86267651947	0.86267651947	0.4507235	0.5499871793
MDH2	1.7319618	1.51452362	-1.51452362	1.3674766	-1.3674766	0.2647727078	0.2647727078	0.77397218933	0.77397218933	1.8699922	0.2647727078
MGRN1	-2.6707797	-1.30229687	1.30229687	-1.1725689	1.1725689	0.3254760767	0.3254760767	0.77397218933	0.77397218933	1.3749178	0.3254760767
MIF	1.8779641	-0.05664167	0.05664167	-0.1412621	0.1412621	0.8966011213	0.8966011213	1	1	0.019955	0.8966011213
MMAB	-0.9313277	0.26029424	-0.26029424	0.1942629	-0.1942629	0.8583609095	0.8583609095	0.99797892651	0.99797892651	0.0377381	0.8583609095
MPDU1	-2.1961135	-0.13834583	0.13834583	-0.0851689	0.0851689	0.9374840905	0.9374840905	1	1	0.0072537	0.9374840905
MPZL1	1.0560922	0.41388446	-0.41388446	0.2220628	-0.2220628	0.8385007308	0.8385007308	0.99797892651	0.99797892651	0.0493119	0.8385007308
MRC2	-0.5257189	3.4791351	-3.4791351	3.2766386	-3.2766386	0.0464297591	0.0464297591	0.77397218933	0.77397218933	10.7363608	0.0464297591
MTPN	0.5982799	2.6312286	-2.6312286	3.0845088	-3.0845088	0.0538238442	0.0538238442	0.77397218933	0.77397218933	9.5141943	0.0538238442
MYEF2	-3.3219281	0	0	0	0	1	1	1	1	0	1
MYH9	5.396234	-0.04851003	0.04851003	-0.1452382	0.1452382	0.8937174248	0.8937174248	1	1	0.0210941	0.8937174248
MYL12B	-0.3938166	1.74293956	-1.74293956	1.6660919	-1.6660919	0.1941308058	0.1941308058	0.77397218933	0.77397218933	2.7758621	0.1941308058
MYL6	0.902506	-1.33038845	1.33038845	-1.0929046	1.0929046	0.3542191031	0.3542191031	0.77397218933	0.77397218933	1.1944406	0.3542191031
MYO1B	-1.5732859	-1.28266564	1.28266564	-1.1102843	1.1102843	0.3477408823	0.3477408823	0.77397218933	0.77397218933	1.2327311	0.3477408823
NACA	-1.5517387	-0.93578497	0.93578497	-0.4542185	0.4542185	0.6804722085	0.6804722085	0.93680617401	0.93680617401	0.2063144	0.6804722085
NACAD	-1.9811957	-0.29148971	0.29148971	-0.151376	0.151376	0.8892703098	0.8892703098	1	1	0.0229147	0.8892703098
NCAM1	2.6694946	0.77888179	-0.77888179	1.6465572	-1.6465572	0.1980492321	0.1980492321	0.77397218933	0.77397218933	2.7111506	0.1980492321
NCAM2	4.2337136	0.42427385	-0.42427385	1.0193975	-1.0193975	0.3829436767	0.3829436767	0.77397218933	0.77397218933	1.0391714	0.3829436767
NCL	0.470717	-0.5847289	0.5847289	-0.1939925	0.1939925	0.8585547891	0.8585547891	0.99797892651	0.99797892651	0.0376331	0.8585547891
NCSTN	2.8097575	0.18380681	-0.18380681	0.4777627	-0.4777627	0.6654197162	0.6654197162	0.92707178023	0.92707178023	0.2282572	0.6654197162
NECTIN1	-1.2392856	1.49861834	-1.49861834	1.2823075	-1.2823075	0.2897036597	0.2897036597	0.77397218933	0.77397218933	1.6443124	0.2897036597
NECTIN2	0.0643993	-0.77077818	0.77077818	-0.4408439	0.4408439	0.6891133606	0.6891133606	0.93680617401	0.93680617401	0.1943434	0.6891133606
NEFL	-2.5898752	-1.46410581	1.46410581	-1.183109	1.183109	0.3218524107	0.3218524107	0.77397218933	0.77397218933	1.3997469	0.3218524107
NEFM	0.106033	-3.72229576	3.72229576	-3.9131213	3.9131213	0.0295694365	0.0295694365	0.77397218933	0.77397218933	15.3125187	0.0295694365
NFASC	-0.6387309	0.15720701	-0.15720701	0.0807917	-0.0807917	0.9406875299	0.9406875299	1	1	0.0065273	0.9406875299
NIPSNAP1	-1.7973939	0.93578497	-0.93578497	0.6263683	-0.6263683	0.5754256196	0.5754256196	0.8772079657	0.8772079657	0.3923372	0.5754256196
NLGN2	-2.001126	1.5849625	-1.5849625	1.9478893	-1.9478893	0.1464199272	0.1464199272	0.77397218933	0.77397218933	3.7942728	0.1464199272
NME1-NME2	4.1555218	0.32660782	-0.32660782	0.729426	-0.729426	0.5184503482	0.5184503482	0.84353926121	0.84353926121	0.5320623	0.5184503482
NONO	-1.4264506	-0.65732854	0.65732854	-0.242457	0.242457	0.8240318837	0.8240318837	0.99797892651	0.99797892651	0.0587854	0.8240318837
NOP56	-2.2743611	1.03849241	-1.03849241	1.1450529	-1.1450529	0.3351309227	0.3351309227	0.77397218933	0.77397218933	1.3111461	0.3351309227
NOTCH2	-2.5898752	1.46410581	-1.46410581	1.9844842	-1.9844842	0.1412839202	0.1412839202	0.77397218933	0.77397218933	3.9381776	0.1412839202
NPEPPS	2.5332621	0.09459766	-0.09459766	0.22719	-0.22719	0.8348547761	0.8348547761	0.99797892651	0.99797892651	0.0516153	0.8348547761
NPM1	2.0083713	0.02777613	-0.02777613	0.0544424	-0.0544424	0.9600000476	0.9600000476	1	1	0.002964	0.9600000476
NPTN	1.6787106	-0.19178038	0.19178038	-0.5908112	0.5908112	0.5961386103	0.5961386103	0.88910884543	0.88910884543	0.3490578	0.5961386103
NRCAM	3.7835828	0.79688626	-0.79688626	1.8106947	-1.8106947	0.1677177354	0.1677177354	0.77397218933	0.77397218933	3.2786153	0.1677177354
NTRK2	-1.3152131	-0.87980343	0.87980343	-0.8828924	0.8828924	0.4422107816	0.4422107816	0.79174069086	0.79174069086	0.779499	0.4422107816
NUCB1	-3.3219281	0	0	0	0	1	1	1	1	0	1
NUDC	0.3627783	-0.43549323	0.43549323	-0.1535864	0.1535864	0.8876701154	0.8876701154	1	1	0.0235888	0.8876701154
NUP43	-2.3497798	-1.94429667	1.94429667	-1.8314282	1.8314282	0.1642792716	0.1642792716	0.77397218933	0.77397218933	3.3541294	0.1642792716
NUP50	-0.6036554	0.22735795	-0.22735795	0.6752101	-0.6752101	0.5478504199	0.5478504199	0.86126034479	0.86126034479	0.4559087	0.5478504199
NUP54	-1.9885948	0	0	0	0	1	1	1	1	0	1
OLA1	-2.001126	-0.52832083	0.52832083	-0.2771312	0.2771312	0.7996496913	0.7996496913	0.99797892651	0.99797892651	0.0768017	0.7996496913
OPA1	-1.8091255	-0.91232186	0.91232186	-0.5297402	0.5297402	0.6329344446	0.6329344446	0.90280215386	0.90280215386	0.2806247	0.6329344446
OSBPL8	-1.3022127	1.20747907	-1.20747907	1.3878952	-1.3878952	0.2591405796	0.2591405796	0.77397218933	0.77397218933	1.926253	0.2591405796
P4HB	0.304981	1.81727281	-1.81727281	1.462141	-1.462141	0.2397224941	0.2397224941	0.77397218933	0.77397218933	2.1378564	0.2397224941
PA2G4	-2.9349401	0.77397603	-0.77397603	1.0907978	-1.0907978	0.3550124416	0.3550124416	0.77397218933	0.77397218933	1.1898399	0.3550124416
PABPC1	0.8096099	-1.29012157	1.29012157	-0.9575731	0.9575731	0.4088115196	0.4088115196	0.77498583545	0.77498583545	0.9169463	0.4088115196
PAFAH1B2	-3.3219281	0	0	0	0	1	1	1	1	0	1
PAICS	2.2096342	-0.46141562	0.46141562	-0.6071447	0.6071447	0.5865578803	0.5865578803	0.88618484947	0.88618484947	0.3686246	0.5865578803
PARK7	-0.7860691	5.07171792	-5.07171792	8.527031	-8.527031	0.0033664379	0.0033664379	0.33568195051	0.33568195051	72.7102571	0.0033664379
PCBP1	2.4151135	-0.4904297	0.4904297	-1.291646	1.291646	0.2868534001	0.2868534001	0.77397218933	0.77397218933	1.6683493	0.2868534001
PCBP2	0.335793	-0.22799084	0.22799084	-0.0827185	0.0827185	0.9392772168	0.9392772168	1	1	0.0068424	0.9392772168
PCMT1	2.233157	0.13074824	-0.13074824	0.1946112	-0.1946112	0.8581111838	0.8581111838	0.99797892651	0.99797892651	0.0378735	0.8581111838
PDCD6	-1.4848668	-2.12617054	2.12617054	-1.8207972	1.8207972	0.1660320604	0.1660320604	0.77397218933	0.77397218933	3.3153023	0.1660320604
PDCD6IP	-0.6710538	2.46979698	-2.46979698	2.8467202	-2.8467202	0.0651542857	0.0651542857	0.77397218933	0.77397218933	8.103816	0.0651542857
PDIA3	4.258042	0.41038806	-0.41038806	0.7676629	-0.7676629	0.4984886751	0.4984886751	0.83630593138	0.83630593138	0.5893064	0.4984886751
PDIA6	1.2577112	0.77874235	-0.77874235	2.0984264	-2.0984264	0.1266008986	0.1266008986	0.77397218933	0.77397218933	4.4033935	0.1266008986
PEBP1	-1.6492325	3.3453912	-3.3453912	2.3667591	-2.3667591	0.098645768	0.098645768	0.77397218933	0.77397218933	5.6015485	0.098645768
PFAS	2.6091954	-0.32144805	0.32144805	-0.9431196	0.9431196	0.4150898594	0.4150898594	0.77676332937	0.77676332937	0.8894746	0.4150898594
PFDN2	-0.9831677	3.62087912	-3.62087912	7.6222718	-7.6222718	0.0046597202	0.0046597202	0.40656058428	0.40656058428	58.099027	0.0046597202
PFKM	-1.3850721	1.26911831	-1.26911831	1.705191	-1.705191	0.1865484822	0.1865484822	0.77397218933	0.77397218933	2.9076763	0.1865484822
PFKP	-2.0856193	-0.35933417	0.35933417	-0.2015683	0.2015683	0.8531274678	0.8531274678	0.99797892651	0.99797892651	0.0406298	0.8531274678
PFN1	3.7738701	0.18830732	-0.18830732	0.5273916	-0.5273916	0.6343795479	0.6343795479	0.90280215386	0.90280215386	0.2781419	0.6343795479
PFN2	2.3033723	0.39453331	-0.39453331	1.1795594	-1.1795594	0.3230681592	0.3230681592	0.77397218933	0.77397218933	1.3913605	0.3230681592
PGAM1	2.5021569	-0.01147783	0.01147783	-0.0291071	0.0291071	0.9786043238	0.9786043238	1	1	0.0008472	0.9786043238
PGD	-1.9319531	-2.77995	2.77995	-2.189237	2.189237	0.1161852369	0.1161852369	0.77397218933	0.77397218933	4.7927586	0.1161852369
PGK1	2.9737636	0.35971648	-0.35971648	0.6134181	-0.6134181	0.5829078006	0.5829078006	0.88449922781	0.88449922781	0.3762818	0.5829078006
PGLS	-1.4528749	-1.62482304	1.62482304	-1.3487714	1.3487714	0.2700468527	0.2700468527	0.77397218933	0.77397218933	1.8191844	0.2700468527
PGRMC1	-2.2652864	0	0	0	0	1	1	1	1	0	1
PGRMC2	-1.4364476	-2.71431932	2.71431932	-1.4839269	1.4839269	0.2343286361	0.2343286361	0.77397218933	0.77397218933	2.202039	0.2343286361
PHB	1.1627453	1.19958943	-1.19958943	1.3751927	-1.3751927	0.2626291224	0.2626291224	0.77397218933	0.77397218933	1.891155	0.2626291224
PHB2	0.6713309	1.00202058	-1.00202058	0.8385282	-0.8385282	0.4631907112	0.4631907112	0.8042743237	0.8042743237	0.7031296	0.4631907112
PHGDH	3.6804772	0.20598623	-0.20598623	0.5685378	-0.5685378	0.6093822141	0.6093822141	0.89316891617	0.89316891617	0.3232352	0.6093822141
PIN1	-1.8257148	2.99242664	-2.99242664	2.2455393	-2.2455393	0.1102423437	0.1102423437	0.77397218933	0.77397218933	5.0424469	0.1102423437
PIP	1.9132444	-0.66680616	0.66680616	-1.6428129	1.6428129	0.1988104387	0.1988104387	0.77397218933	0.77397218933	2.6988342	0.1988104387
PKM	4.0138803	0.23074103	-0.23074103	0.7090803	-0.7090803	0.5293331015	0.5293331015	0.85328984957	0.85328984957	0.5027948	0.5293331015
PLD3	-0.8397349	-0.07710852	0.07710852	-0.0423174	0.0423174	0.9689004323	0.9689004323	1	1	0.0017908	0.9689004323
PLXNA2	-0.3744243	1.79517609	-1.79517609	1.0741623	-1.0741623	0.3613380377	0.3613380377	0.77397218933	0.77397218933	1.1538245	0.3613380377
PLXNB2	0.9143219	-1.36464802	1.36464802	-0.9687653	0.9687653	0.4040104471	0.4040104471	0.77498583545	0.77498583545	0.9385061	0.4040104471
PMPCA	-2.6139402	-1.41597584	1.41597584	-1.1803206	1.1803206	0.3228070626	0.3228070626	0.77397218933	0.77397218933	1.3931567	0.3228070626
PMPCB	0.8672159	-1.22407522	1.22407522	-0.6966751	0.6966751	0.5360572599	0.5360572599	0.85577643824	0.85577643824	0.4853562	0.5360572599
PPAT	-0.3820851	-1.40352233	1.40352233	-1.1346488	1.1346488	0.338855839	0.338855839	0.77397218933	0.77397218933	1.2874279	0.338855839
PPIA	4.1680391	-0.19158089	0.19158089	-0.5886581	0.5886581	0.5974098116	0.5974098116	0.88910884543	0.88910884543	0.3465184	0.5974098116
PPIB	2.3276996	0.54672207	-0.54672207	1.6621368	-1.6621368	0.1949170325	0.1949170325	0.77397218933	0.77397218933	2.7626987	0.1949170325
PPM1A	-1.5888041	-3.4662479	3.4662479	-4.9518638	4.9518638	0.0157423385	0.0157423385	0.77397218933	0.77397218933	24.5209553	0.0157423385
PPM1G	-2.2652864	0	0	0	0	1	1	1	1	0	1
PPME1	-0.2597839	0.06597979	-0.06597979	0.1660414	-0.1660414	0.8786670859	0.8786670859	1	1	0.0275697	0.8786670859
PPP1CA	-1.6732975	0.46530956	-0.46530956	0.3602564	-0.3602564	0.742488218	0.742488218	0.95619331401	0.95619331401	0.1297847	0.742488218
PPP2CB	-2.1269406	-2.389975	2.389975	-2.2856455	2.2856455	0.1062314886	0.1062314886	0.77397218933	0.77397218933	5.2241752	0.1062314886
PPP2R1A	2.9299238	0.03265248	-0.03265248	0.0621916	-0.0621916	0.9543157292	0.9543157292	1	1	0.0038678	0.9543157292
PPP2R2A	-2.3497798	-1.94429667	1.94429667	-1.8314282	1.8314282	0.1642792716	0.1642792716	0.77397218933	0.77397218933	3.3541294	0.1642792716
PRAF2	-2.6139402	1.41597584	-1.41597584	1.1803206	-1.1803206	0.3228070626	0.3228070626	0.77397218933	0.77397218933	1.3931567	0.3228070626
PRDX1	4.5520968	-0.06095554	0.06095554	-0.1658376	0.1658376	0.8788142156	0.8788142156	1	1	0.0275021	0.8788142156
PRDX2	4.129683	-0.10998965	0.10998965	-0.2678131	0.2678131	0.806173639	0.806173639	0.99797892651	0.99797892651	0.0717238	0.806173639
PRDX3	2.6378072	0.45853303	-0.45853303	1.2015777	-1.2015777	0.3156012289	0.3156012289	0.77397218933	0.77397218933	1.443789	0.3156012289
PRDX4	3.7473076	0.16605373	-0.16605373	0.3633777	-0.3633777	0.7403812656	0.7403812656	0.95619331401	0.95619331401	0.1320434	0.7403812656
PRDX5	0.6857203	0.94251093	-0.94251093	0.8271522	-0.8271522	0.4687087489	0.4687087489	0.80745777863	0.80745777863	0.6841807	0.4687087489
PRDX6	1.6611695	1.42608189	-1.42608189	2.3029295	-2.3029295	0.1045574483	0.1045574483	0.77397218933	0.77397218933	5.3034841	0.1045574483
PRKACA	-2.7244343	1.1949875	-1.1949875	1.1633331	-1.1633331	0.328685141	0.328685141	0.77397218933	0.77397218933	1.353344	0.328685141
PRKCA	2.0592024	-0.55216127	0.55216127	-0.8497326	0.8497326	0.4578112416	0.4578112416	0.80218494002	0.80218494002	0.7220455	0.4578112416
PRKDC	-1.9319531	0.66666667	-0.66666667	1.0533372	-1.0533372	0.3694115543	0.3694115543	0.77397218933	0.77397218933	1.1095193	0.3694115543
PRXL2A	-0.3962332	2.68146471	-2.68146471	2.2897769	-2.2897769	0.105828407	0.105828407	0.77397218933	0.77397218933	5.2430783	0.105828407
PSMA7	-0.4313277	1.26029424	-1.26029424	1.247633	-1.247633	0.3005473575	0.3005473575	0.77397218933	0.77397218933	1.556588	0.3005473575
PSMB5	-1.6219827	1.00991578	-1.00991578	1.2574203	-1.2574203	0.2974446079	0.2974446079	0.77397218933	0.77397218933	1.5811057	0.2974446079
PSMB6	-1.2608744	-1.45544074	1.45544074	-1.3774857	1.3774857	0.261995678	0.261995678	0.77397218933	0.77397218933	1.897467	0.261995678
PSMC1	-2.0196312	2.60459373	-2.60459373	6.5534583	-6.5534583	0.0071866123	0.0071866123	0.41802128181	0.41802128181	42.9478162	0.0071866123
PSMC3	-0.5070662	2.70151212	-2.70151212	2.4674314	-2.4674314	0.0901255648	0.0901255648	0.77397218933	0.77397218933	6.0882176	0.0901255648
PSMC5	-1.6027365	-1.56681324	1.56681324	-2.094498	2.094498	0.127076072	0.127076072	0.77397218933	0.77397218933	4.3869219	0.127076072
PSMC6	-2.5294468	1.5849625	-1.5849625	1.9478893	-1.9478893	0.1464199272	0.1464199272	0.77397218933	0.77397218933	3.7942728	0.1464199272
PSMD1	-1.7973939	0.93578497	-0.93578497	0.9638792	-0.9638792	0.4060999342	0.4060999342	0.77498583545	0.77498583545	0.9290631	0.4060999342
PSMD11	-1.8782984	0.77397603	-0.77397603	0.7380244	-0.7380244	0.5139056201	0.5139056201	0.8430181381	0.8430181381	0.54468	0.5139056201
PSMD2	-2.5898752	1.46410581	-1.46410581	1.183109	-1.183109	0.3218524107	0.3218524107	0.77397218933	0.77397218933	1.3997469	0.3218524107
PSMD6	-2.1424588	1.30229687	-1.30229687	0.9731624	-0.9731624	0.4021385895	0.4021385895	0.77498583545	0.77498583545	0.9470451	0.4021385895
PSMD7	-2.2269522	0.64199981	-0.64199981	0.4006845	-0.4006845	0.715439431	0.715439431	0.94758391437	0.94758391437	0.1605481	0.715439431
PSME1	1.63466	-0.11664749	0.11664749	-0.3042258	0.3042258	0.7808062233	0.7808062233	0.98553841563	0.98553841563	0.0925534	0.7808062233
PTBP1	-2.6873689	-1.26911831	1.26911831	-1.1699398	1.1699398	0.3263863658	0.3263863658	0.77397218933	0.77397218933	1.368759	0.3263863658
PTGFRN	0.800753	1.07710852	-1.07710852	0.4788046	-0.4788046	0.6647583827	0.6647583827	0.92707178023	0.92707178023	0.2292539	0.6647583827
PTK7	0.996337	1.83511439	-1.83511439	1.2247887	-1.2247887	0.3079200324	0.3079200324	0.77397218933	0.77397218933	1.5001073	0.3079200324
PUF60	-1.9848668	-0.45950387	0.45950387	-0.927762	0.927762	0.4218580398	0.4218580398	0.78083570948	0.78083570948	0.8607422	0.4218580398
PVR	2.1315873	-0.19082498	0.19082498	-0.3771301	0.3771301	0.7311345774	0.7311345774	0.95389146737	0.95389146737	0.1422271	0.7311345774
PYCR1	-2.1590481	1.26911831	-1.26911831	1.1699398	-1.1699398	0.3263863658	0.3263863658	0.77397218933	0.77397218933	1.368759	0.3263863658
RAB14	2.2768297	0.45301556	-0.45301556	1.2843955	-1.2843955	0.2890638102	0.2890638102	0.77397218933	0.77397218933	1.6496717	0.2890638102
RAB27B	-2.4066192	0.77397603	-0.77397603	0.5649031	-0.5649031	0.6115627614	0.6115627614	0.89316891617	0.89316891617	0.3191155	0.6115627614
RAB2B	-0.3942623	1.15906877	-1.15906877	0.4181153	-0.4181153	0.703944182	0.703944182	0.9386891966	0.9386891966	0.1748204	0.703944182
RAB5C	2.3238186	-0.18911148	0.18911148	-0.5594695	0.5594695	0.6148325932	0.6148325932	0.89316891617	0.89316891617	0.3130061	0.6148325932
RAB7A	1.3257172	-0.28089034	0.28089034	-0.6267251	0.6267251	0.5752204396	0.5752204396	0.8772079657	0.8772079657	0.3927844	0.5752204396
RAC1	-1.5449651	0.9493323	-0.9493323	0.8356158	-0.8356158	0.4645980339	0.4645980339	0.80468840607	0.80468840607	0.6982537	0.4645980339
RACK1	-0.2478911	-0.18249593	0.18249593	-0.0845674	0.0845674	0.9379242201	0.9379242201	1	1	0.0071516	0.9379242201
RALY	-2.2399526	2.16395103	-2.16395103	1.7692617	-1.7692617	0.1748405343	0.1748405343	0.77397218933	0.77397218933	3.1302869	0.1748405343
RAN	-1.1177269	-1.35176081	1.35176081	-0.7362616	0.7362616	0.5148347197	0.5148347197	0.8430181381	0.8430181381	0.5420811	0.5148347197
RANBP1	-3.0577677	0.52832083	-0.52832083	0.9801436	-0.9801436	0.3991833641	0.3991833641	0.77397218933	0.77397218933	0.9606815	0.3991833641
RARS1	-0.9769219	0.70515907	-0.70515907	0.3718954	-0.3718954	0.7346471557	0.7346471557	0.95540416467	0.95540416467	0.1383062	0.7346471557
RBBP4	-1.2993099	-2.49728437	2.49728437	-1.5762599	1.5762599	0.2129032287	0.2129032287	0.77397218933	0.77397218933	2.4845954	0.2129032287
RBBP7	-2.3672747	-1.90930682	1.90930682	-1.2001446	1.2001446	0.3160818431	0.3160818431	0.77397218933	0.77397218933	1.4403471	0.3160818431
RBM14	-2.2028872	-0.69012978	0.69012978	-0.4212279	0.4212279	0.7019024731	0.7019024731	0.9386891966	0.9386891966	0.1774329	0.7019024731
RBM3	-2.0942077	0.90748867	-0.90748867	1.1231226	-1.1231226	0.3430306749	0.3430306749	0.77397218933	0.77397218933	1.2614044	0.3430306749
RBM39	-2.5577677	1.52832083	-1.52832083	1.1864529	-1.1864529	0.3207113453	0.3207113453	0.77397218933	0.77397218933	1.4076704	0.3207113453
RBM4	-1.7973939	-3.04906831	3.04906831	-2.3673139	2.3673139	0.0985961845	0.0985961845	0.77397218933	0.77397218933	5.6041752	0.0985961845
RBMX	-1.1862979	-2.72330833	2.72330833	-1.1833674	1.1833674	0.3217640822	0.3217640822	0.77397218933	0.77397218933	1.4003584	0.3217640822
RBP1	-0.9097389	0.83952503	-0.83952503	0.5721803	-0.5721803	0.607202367	0.607202367	0.89226789927	0.89226789927	0.3273903	0.607202367
REEP5	-1.6862979	0	0	0	0	1	1	1	1	0	1
RET	2.4762817	1.12267422	-1.12267422	1.5884581	-1.5884581	0.2102387508	0.2102387508	0.77397218933	0.77397218933	2.523199	0.2102387508
RHOA	-2.7936073	1.05664167	-1.05664167	1.1475449	-1.1475449	0.3342448057	0.3342448057	0.77397218933	0.77397218933	1.3168593	0.3342448057
RNPEP	0.0181577	2.00601999	-2.00601999	1.5260785	-1.5260785	0.2242659545	0.2242659545	0.77397218933	0.77397218933	2.3289156	0.2242659545
RPL10	-0.3307314	-1.26451637	1.26451637	-0.7498847	0.7498847	0.5076900235	0.5076900235	0.83774854939	0.83774854939	0.562327	0.5076900235
RPL10A	-1.0695579	2.39145697	-2.39145697	4.4908967	-4.4908967	0.0205278392	0.0205278392	0.77397218933	0.77397218933	20.1681529	0.0205278392
RPL11	-0.293666	1.82995758	-1.82995758	1.9724343	-1.9724343	0.1429513703	0.1429513703	0.77397218933	0.77397218933	3.8904971	0.1429513703
RPL12	0.0965068	-2.05691988	2.05691988	-2.0364979	2.0364979	0.1343442736	0.1343442736	0.77397218933	0.77397218933	4.1473236	0.1343442736
RPL13	2.015905	0.58615555	-0.58615555	1.6392697	-1.6392697	0.1995337889	0.1995337889	0.77397218933	0.77397218933	2.6872052	0.1995337889
RPL14	-0.1833728	1.20555712	-1.20555712	1.2753505	-1.2753505	0.2918462253	0.2918462253	0.77397218933	0.77397218933	1.6265189	0.2918462253
RPL15	-1.979381	-0.14685753	0.14685753	-0.4254782	0.4254782	0.699119917	0.699119917	0.9386891966	0.9386891966	0.1810317	0.699119917
RPL17	-2.0362205	2.57141517	-2.57141517	1.9562624	-1.9562624	0.1452257002	0.1452257002	0.77397218933	0.77397218933	3.8269627	0.1452257002
RPL18	1.3243428	-1.49224873	1.49224873	-0.9371715	0.9371715	0.4176993261	0.4176993261	0.77747767901	0.77747767901	0.8782903	0.4176993261
RPL18A	-2.1515335	2.34078927	-2.34078927	2.0295639	-2.0295639	0.1352457653	0.1352457653	0.77397218933	0.77397218933	4.1191295	0.1352457653
RPL19	-2.0602855	-2.5232852	2.5232852	-2.2922895	2.2922895	0.1055841767	0.1055841767	0.77397218933	0.77397218933	5.254591	0.1055841767
RPL21	-0.5922349	1.86450817	-1.86450817	1.2999632	-1.2999632	0.2843395443	0.2843395443	0.77397218933	0.77397218933	1.6899042	0.2843395443
RPL23	1.2760074	1.87197628	-1.87197628	1.2487202	-1.2487202	0.3002010335	0.3002010335	0.77397218933	0.77397218933	1.5593022	0.3002010335
RPL23A	0.7742755	-1.60194302	1.60194302	-0.9902667	0.9902667	0.3949342964	0.3949342964	0.77397218933	0.77397218933	0.9806281	0.3949342964
RPL24	-0.0443397	0.40263095	-0.40263095	1.0902373	-1.0902373	0.3552237792	0.3552237792	0.77397218933	0.77397218933	1.1886175	0.3552237792
RPL27	0.5371495	1.29132532	-1.29132532	0.7695889	-0.7695889	0.4975001864	0.4975001864	0.83630593138	0.83630593138	0.5922671	0.4975001864
RPL27A	-2.4066192	0.77397603	-0.77397603	1.0907978	-1.0907978	0.3550124416	0.3550124416	0.77397218933	0.77397218933	1.1898399	0.3550124416
RPL28	-0.8369772	-0.02466686	0.02466686	-0.0126234	0.0126234	0.9907195725	0.9907195725	1	1	0.0001593	0.9907195725
RPL3	-0.0749786	-2.30363084	2.30363084	-2.1699027	2.1699027	0.1183142595	0.1183142595	0.77397218933	0.77397218933	4.7084777	0.1183142595
RPL30	-0.6396574	1.37968801	-1.37968801	0.5759092	-0.5759092	0.6049765353	0.6049765353	0.89226789927	0.89226789927	0.3316714	0.6049765353
RPL31	0.2646005	-1.92614741	1.92614741	-1.5210999	1.5210999	0.22542936	0.22542936	0.77397218933	0.77397218933	2.3137448	0.22542936
RPL32	-0.9906434	0.28266564	-0.28266564	0.1687234	-0.1687234	0.8767316097	0.8767316097	1	1	0.0284676	0.8767316097
RPL35	-2.160964	-0.77397603	0.77397603	-0.5936991	0.5936991	0.5944365404	0.5944365404	0.88910884543	0.88910884543	0.3524786	0.5944365404
RPL36	-0.6198834	-0.18216278	0.18216278	-0.2537487	0.2537487	0.816060604	0.816060604	0.99797892651	0.99797892651	0.0643884	0.816060604
RPL4	0.6800566	0.05830899	-0.05830899	0.111727	-0.111727	0.9180847677	0.9180847677	1	1	0.0124829	0.9180847677
RPL5	-1.1053934	1.82847561	-1.82847561	1.227609	-1.227609	0.3069998447	0.3069998447	0.77397218933	0.77397218933	1.5070238	0.3069998447
RPL6	2.1364551	0.50695974	-0.50695974	0.950393	-0.950393	0.4119194054	0.4119194054	0.77498583545	0.77498583545	0.9032468	0.4119194054
RPL7	0.0182593	3.54674831	-3.54674831	2.8235489	-2.8235489	0.0664116641	0.0664116641	0.77397218933	0.77397218933	7.9724284	0.0664116641
RPL7A	2.3749925	-0.79018719	0.79018719	-0.7841317	0.7841317	0.4900889716	0.4900889716	0.83029636442	0.83029636442	0.6148625	0.4900889716
RPL8	0.1328286	-1.17129313	1.17129313	-0.9847629	0.9847629	0.3972391559	0.3972391559	0.77397218933	0.77397218933	0.969758	0.3972391559
RPLP0	0.408203	-0.41559194	0.41559194	-0.6756869	0.6756869	0.5475863116	0.5475863116	0.86126034479	0.86126034479	0.4565527	0.5475863116
RPLP2	2.2767306	-0.21408622	0.21408622	-0.5788655	0.5788655	0.6032159091	0.6032159091	0.89226789927	0.89226789927	0.3350853	0.6032159091
RPN1	0.6725219	-0.74662528	0.74662528	-0.6089008	0.6089008	0.5855344279	0.5855344279	0.88618484947	0.88618484947	0.3707602	0.5855344279
RPS10	-1.955316	0.1949875	-0.1949875	0.0995039	-0.0995039	0.9270047094	0.9270047094	1	1	0.009901	0.9270047094
RPS11	0.4951668	0.63163932	-0.63163932	1.519646	-1.519646	0.2257703567	0.2257703567	0.77397218933	0.77397218933	2.3093239	0.2257703567
RPS12	3.9954799	0.24721935	-0.24721935	0.3895391	-0.3895391	0.7228432776	0.7228432776	0.94878823878	0.94878823878	0.1517407	0.7228432776
RPS13	-1.6053934	1.21845061	-1.21845061	1.4055592	-1.4055592	0.2543717219	0.2543717219	0.77397218933	0.77397218933	1.9755966	0.2543717219
RPS14	2.602343	0.42934216	-0.42934216	1.1519347	-1.1519347	0.3326895898	0.3326895898	0.77397218933	0.77397218933	1.3269535	0.3326895898
RPS15A	-1.3665669	1.79743914	-1.79743914	1.5883744	-1.5883744	0.2102568969	0.2102568969	0.77397218933	0.77397218933	2.5229332	0.2102568969
RPS16	2.2417028	0.81926783	-0.81926783	0.8704441	-0.8704441	0.4480112352	0.4480112352	0.79367720622	0.79367720622	0.7576729	0.4480112352
RPS17	0.7694193	0.67424003	-0.67424003	0.8411447	-0.8411447	0.4619295926	0.4619295926	0.8042743237	0.8042743237	0.7075243	0.4619295926
RPS18	3.1320874	-0.16018849	0.16018849	-0.3692875	0.3692875	0.7364003447	0.7364003447	0.95540416467	0.95540416467	0.1363733	0.7364003447
RPS19	-0.1152678	0.70515907	-0.70515907	1.0089885	-1.0089885	0.3871879743	0.3871879743	0.77397218933	0.77397218933	1.0180579	0.3871879743
RPS2	1.1664342	-0.43741518	0.43741518	-0.1949078	0.1949078	0.8578985569	0.8578985569	0.99797892651	0.99797892651	0.037989	0.8578985569
RPS20	0.1321426	-2.15528596	2.15528596	-1.7165841	1.7165841	0.1844027185	0.1844027185	0.77397218933	0.77397218933	2.946661	0.1844027185
RPS21	-1.3246437	0.23199794	-0.23199794	0.1728227	-0.1728227	0.8737754928	0.8737754928	1	1	0.0298677	0.8737754928
RPS23	0.7641258	2.14251169	-2.14251169	1.5087103	-1.5087103	0.2283535101	0.2283535101	0.77397218933	0.77397218933	2.2762068	0.2283535101
RPS24	-2.2399526	-0.0506677	0.0506677	-0.0324196	0.0324196	0.9761705432	0.9761705432	1	1	0.001051	0.9761705432
RPS25	0.1797123	1.78135408	-1.78135408	1.1118099	-1.1118099	0.3471778312	0.3471778312	0.77397218933	0.77397218933	1.2361212	0.3471778312
RPS26	-0.2224976	-0.13702287	0.13702287	-0.0649005	0.0649005	0.9523294264	0.9523294264	1	1	0.0042121	0.9523294264
RPS27	-0.8466366	-3.89394135	3.89394135	-9.5422796	9.5422796	0.0024241487	0.0024241487	0.33568195051	0.33568195051	91.0551004	0.0024241487
RPS27A	2.5380623	-0.0030926	0.0030926	-0.0075494	0.0075494	0.9944496857	0.9944496857	1	1	5.7e-05	0.9944496857
RPS28	-1.9848668	1.12617054	-1.12617054	1.1561257	-1.1561257	0.331211547	0.331211547	0.77397218933	0.77397218933	1.3366267	0.331211547
RPS29	-0.5534144	0.69250312	-0.69250312	1.2133246	-1.2133246	0.3116896633	0.3116896633	0.77397218933	0.77397218933	1.4721565	0.3116896633
RPS3	2.177651	-1.52132764	1.52132764	-0.7891343	0.7891343	0.4875610211	0.4875610211	0.82802334003	0.82802334003	0.622733	0.4875610211
RPS3A	1.9276019	-1.36630092	1.36630092	-1.3227213	1.3227213	0.2775784117	0.2775784117	0.77397218933	0.77397218933	1.7495917	0.2775784117
RPS4X	2.905368	0.27518651	-0.27518651	0.7512157	-0.7512157	0.5069963234	0.5069963234	0.83774854939	0.83774854939	0.5643251	0.5069963234
RPS5	0.9676711	0.35933417	-0.35933417	0.3536574	-0.3536574	0.7469527241	0.7469527241	0.95840625264	0.95840625264	0.1250736	0.7469527241
RPS6	-0.3756415	-0.5743866	0.5743866	-0.255699	0.255699	0.8146867578	0.8146867578	0.99797892651	0.99797892651	0.065382	0.8146867578
RPS7	1.0641409	-1.35605717	1.35605717	-0.7514076	0.7514076	0.5068963737	0.5068963737	0.83774854939	0.83774854939	0.5646134	0.5068963737
RPS8	1.5810366	2.0557613	-2.0557613	1.3212806	-1.3212806	0.2780013856	0.2780013856	0.77397218933	0.77397218933	1.7457823	0.2780013856
RPS9	1.4568315	0.42983554	-0.42983554	0.4841775	-0.4841775	0.661354413	0.661354413	0.92510096245	0.92510096245	0.2344279	0.661354413
RPSA	1.928434	1.59991391	-1.59991391	2.1957462	-2.1957462	0.1154788275	0.1154788275	0.77397218933	0.77397218933	4.8213012	0.1154788275
RSL1D1	-2.7936073	-1.05664167	1.05664167	-1.1475449	1.1475449	0.3342448057	0.3342448057	0.77397218933	0.77397218933	1.3168593	0.3342448057
RTN1	1.3929971	-1.79296564	1.79296564	-0.876844	0.876844	0.445020727	0.445020727	0.79240935581	0.79240935581	0.7688554	0.445020727
RTN3	1.1859591	0.96189597	-0.96189597	1.538275	-1.538275	0.2214437788	0.2214437788	0.77397218933	0.77397218933	2.3662899	0.2214437788
RTN4	2.233898	0.74352638	-0.74352638	1.0902955	-1.0902955	0.3552018601	0.3552018601	0.77397218933	0.77397218933	1.1887442	0.3552018601
RUFY3	-0.0728167	0.88632103	-0.88632103	0.8039443	-0.8039443	0.4801416637	0.4801416637	0.81741190553	0.81741190553	0.6463264	0.4801416637
RUVBL1	-1.1350598	-0.71250117	0.71250117	-0.5262777	0.5262777	0.6350656985	0.6350656985	0.90280215386	0.90280215386	0.2769683	0.6350656985
RUVBL2	-1.6677927	1.1949875	-1.1949875	1.3677845	-1.3677845	0.2646868236	0.2646868236	0.77397218933	0.77397218933	1.8708343	0.2646868236
S100A7	2.7574261	-0.68919806	0.68919806	-1.8849082	1.8849082	0.1557804341	0.1557804341	0.77397218933	0.77397218933	3.5528789	0.1557804341
S100A8	3.0840964	-0.32240575	0.32240575	-0.9518043	0.9518043	0.4113067856	0.4113067856	0.77498583545	0.77498583545	0.9059315	0.4113067856
S100A9	3.3446307	-0.1044053	0.1044053	-0.2463384	0.2463384	0.8212886032	0.8212886032	0.99797892651	0.99797892651	0.0606826	0.8212886032
SARM1	-2.7936073	-1.05664167	1.05664167	-1.1475449	1.1475449	0.3342448057	0.3342448057	0.77397218933	0.77397218933	1.3168593	0.3342448057
SBSN	2.8478255	-0.15977283	0.15977283	-0.4209148	0.4209148	0.7021076821	0.7021076821	0.9386891966	0.9386891966	0.1771693	0.7021076821
SCAMP3	0.9513874	-2.07046721	2.07046721	-1.5186772	1.5186772	0.2259979011	0.2259979011	0.77397218933	0.77397218933	2.3063804	0.2259979011
SCARB2	-2.0856193	2.4726175	-2.4726175	2.2700106	-2.2700106	0.1077737799	0.1077737799	0.77397218933	0.77397218933	5.152948	0.1077737799
SCCPDH	-0.164808	0.3180046	-0.3180046	0.8384951	-0.8384951	0.4632067022	0.4632067022	0.8042743237	0.8042743237	0.703074	0.4632067022
SEC22B	-1.2768789	1.25814677	-1.25814677	0.5488704	-0.5488704	0.6212454568	0.6212454568	0.89316891617	0.89316891617	0.3012587	0.6212454568
SEC23B	-1.1615659	1.48877267	-1.48877267	1.5796929	-1.5796929	0.2121495766	0.2121495766	0.77397218933	0.77397218933	2.4954295	0.2121495766
SEPTIN2	-2.504113	1.6356302	-1.6356302	1.9313225	-1.9313225	0.1488168787	0.1488168787	0.77397218933	0.77397218933	3.7300065	0.1488168787
SEPTIN6	-1.4913104	0	0	0	0	1	1	1	1	0	1
SEPTIN7	-0.5728167	2.05160604	-2.05160604	1.7837725	-1.7837725	0.1723071037	0.1723071037	0.77397218933	0.77397218933	3.1818442	0.1723071037
SEPTIN9	-1.6677927	0.91829583	-0.91829583	0.9382726	-0.9382726	0.4172151357	0.4172151357	0.77747767901	0.77747767901	0.8803554	0.4172151357
SERBP1	-0.953559	-1.60311176	1.60311176	-1.215804	1.215804	0.3108703993	0.3108703993	0.77397218933	0.77397218933	1.4781793	0.3108703993
SERPINB12	-0.22625	-0.04847681	0.04847681	-0.1486537	0.1486537	0.8912420876	0.8912420876	1	1	0.0220979	0.8912420876
SERPINB3	0.9636117	-1.83380727	1.83380727	-1.5038927	1.5038927	0.2295017781	0.2295017781	0.77397218933	0.77397218933	2.2616934	0.2295017781
SERPINH1	-1.2419647	2.28835681	-2.28835681	2.0300364	-2.0300364	0.1351841029	0.1351841029	0.77397218933	0.77397218933	4.1210479	0.1351841029
SET	-1.730137	-3.18358226	3.18358226	-2.3762391	2.3762391	0.0978027453	0.0978027453	0.77397218933	0.77397218933	5.6465124	0.0978027453
SF1	-3.0577677	0.52832083	-0.52832083	0.9801436	-0.9801436	0.3991833641	0.3991833641	0.77397218933	0.77397218933	0.9606815	0.3991833641
SF3B1	-1.9319531	-2.77995	2.77995	-4.6860751	4.6860751	0.0182985039	0.0182985039	0.77397218933	0.77397218933	21.9593001	0.0182985039
SF3B2	-1.3214589	-1.16898666	1.16898666	-1.325965	1.325965	0.2766286241	0.2766286241	0.77397218933	0.77397218933	1.7581832	0.2766286241
SF3B3	-1.8091255	0.2456552	-0.2456552	0.6452477	-0.6452477	0.564645324	0.564645324	0.87388566771	0.87388566771	0.4163447	0.564645324
SFPQ	-0.917376	0.08412905	-0.08412905	0.0435399	-0.0435399	0.9680027564	0.9680027564	1	1	0.0018957	0.9680027564
SLC12A2	-2.2837916	-0.52832083	0.52832083	-0.9801436	0.9801436	0.3991833641	0.3991833641	0.77397218933	0.77397218933	0.9606815	0.3991833641
SLC12A9	-2.6139402	-1.41597584	1.41597584	-1.1803206	1.1803206	0.3228070626	0.3228070626	0.77397218933	0.77397218933	1.3931567	0.3228070626
SLC16A1	-2.504113	-0.57898853	0.57898853	-0.4733851	0.4733851	0.6682028629	0.6682028629	0.92909481733	0.92909481733	0.2240935	0.6682028629
SLC1A4	-0.2801377	0.1949875	-0.1949875	0.0857745	-0.0857745	0.9370410649	0.9370410649	1	1	0.0073573	0.9370410649
SLC1A5	1.6642724	0.73219354	-0.73219354	1.2559731	-1.2559731	0.2979012909	0.2979012909	0.77397218933	0.77397218933	1.5774684	0.2979012909
SLC25A13	-0.9683931	1.04583451	-1.04583451	1.3708227	-1.3708227	0.2638408552	0.2638408552	0.77397218933	0.77397218933	1.8791549	0.2638408552
SLC25A6	2.6690906	-0.05973427	0.05973427	-0.1406284	0.1406284	0.8970609226	0.8970609226	1	1	0.0197763	0.8970609226
SLC39A14	-0.7512993	1.69464083	-1.69464083	1.1527524	-1.1527524	0.3324006895	0.3324006895	0.77397218933	0.77397218933	1.3288381	0.3324006895
SLC3A2	5.0438838	-0.1589379	0.1589379	-0.4369164	0.4369164	0.691663095	0.691663095	0.93680617401	0.93680617401	0.1908959	0.691663095
SLC44A1	0.6899555	0.03939113	-0.03939113	0.0272691	-0.0272691	0.9799549836	0.9799549836	1	1	0.0007436	0.9799549836
SLC44A2	3.4655542	0.14657069	-0.14657069	0.2358021	-0.2358021	0.8287434043	0.8287434043	0.99797892651	0.99797892651	0.0556026	0.8287434043
SLC7A1	-1.3116433	-2.9639279	2.9639279	-4.1933974	4.1933974	0.0246522886	0.0246522886	0.77397218933	0.77397218933	17.5845816	0.0246522886
SLC7A5	-0.8947486	1.72073255	-1.72073255	1.0592341	-1.0592341	0.3671078506	0.3671078506	0.77397218933	0.77397218933	1.1219768	0.3671078506
SNAP25	-3.3219281	0	0	0	0	1	1	1	1	0	1
SNRNP70	-2.7936073	1.05664167	-1.05664167	1.1475449	-1.1475449	0.3342448057	0.3342448057	0.77397218933	0.77397218933	1.3168593	0.3342448057
SNRPB	-1.3282326	-0.39251273	0.39251273	-0.2248977	0.2248977	0.8364841379	0.8364841379	0.99797892651	0.99797892651	0.050579	0.8364841379
SNRPD1	-2.5294468	0.52832083	-0.52832083	0.4456949	-0.4456949	0.6859717321	0.6859717321	0.93680617401	0.93680617401	0.1986439	0.6859717321
SNRPD3	-1.4818798	1.56681324	-1.56681324	1.9252655	-1.9252655	0.1497046694	0.1497046694	0.77397218933	0.77397218933	3.7066472	0.1497046694
SNRPF	-1.2872224	0.93578497	-0.93578497	0.5735906	-0.5735906	0.6063598975	0.6063598975	0.89226789927	0.89226789927	0.3290061	0.6063598975
SOD1	-2.8540356	-0.93578497	0.93578497	-1.1285295	1.1285295	0.3410659519	0.3410659519	0.77397218933	0.77397218933	1.2735788	0.3410659519
SPRR1B	-1.2848459	-1.96088102	1.96088102	-2.2550362	2.2550362	0.1092763199	0.1092763199	0.77397218933	0.77397218933	5.0851884	0.1092763199
SPRR2E	0.9866232	-0.0151423	0.0151423	-0.0053973	0.0053973	0.9960318797	0.9960318797	1	1	2.91e-05	0.9960318797
SPTAN1	0.8760662	2.50739524	-2.50739524	2.6079803	-2.6079803	0.0796844872	0.0796844872	0.77397218933	0.77397218933	6.8015611	0.0796844872
SPTBN1	1.4248086	2.54823848	-2.54823848	1.8107831	-1.8107831	0.1677029057	0.1677029057	0.77397218933	0.77397218933	3.2789353	0.1677029057
SRC	-2.001126	-1.5849625	1.5849625	-1.9478893	1.9478893	0.1464199272	0.1464199272	0.77397218933	0.77397218933	3.7942728	0.1464199272
SRI	-3.3219281	0	0	0	0	1	1	1	1	0	1
SRP14	-1.9627917	-1.66163104	1.66163104	-2.1996894	2.1996894	0.1150533934	0.1150533934	0.77397218933	0.77397218933	4.8386334	0.1150533934
SRP9	-2.3374463	-0.42101147	0.42101147	-0.2926664	0.2926664	0.7888218473	0.7888218473	0.99206783679	0.99206783679	0.0856536	0.7888218473
SRSF1	-1.3885318	-2.31884045	2.31884045	-1.1359407	1.1359407	0.3383910761	0.3383910761	0.77397218933	0.77397218933	1.2903612	0.3383910761
SRSF10	-3.3219281	0	0	0	0	1	1	1	1	0	1
SRSF3	-0.9683931	-0.20381157	0.20381157	-0.2513229	0.2513229	0.8177706344	0.8177706344	0.99797892651	0.99797892651	0.0631632	0.8177706344
SRSF6	-2.7936073	-1.05664167	1.05664167	-1.1475449	1.1475449	0.3342448057	0.3342448057	0.77397218933	0.77397218933	1.3168593	0.3342448057
SRSF7	-1.0898752	-1.79743914	1.79743914	-1.7801949	1.7801949	0.1729277788	0.1729277788	0.77397218933	0.77397218933	3.1690938	0.1729277788
SRSF9	-3.3219281	0	0	0	0	1	1	1	1	0	1
SSRP1	-3.3219281	0	0	0	0	1	1	1	1	0	1
STMN1	1.2768858	-1.50034123	1.50034123	-0.9204925	0.9204925	0.4250968046	0.4250968046	0.78083570948	0.78083570948	0.8473064	0.4250968046
STOML2	-0.8431489	2.74293956	-2.74293956	2.4783221	-2.4783221	0.089258712	0.089258712	0.77397218933	0.77397218933	6.1420804	0.089258712
STRA6	-2.6139402	-1.41597584	1.41597584	-1.1803206	1.1803206	0.3228070626	0.3228070626	0.77397218933	0.77397218933	1.3931567	0.3228070626
SUPT16H	-2.6552614	-1.33333333	1.33333333	-1.1748672	1.1748672	0.3246824361	0.3246824361	0.77397218933	0.77397218933	1.3803128	0.3246824361
SURF4	-1.7460402	-3.15177574	3.15177574	-3.9300509	3.9300509	0.0292383878	0.0292383878	0.77397218933	0.77397218933	15.4452999	0.0292383878
SYNCRIP	-0.8242878	-1.86165417	1.86165417	-2.0549134	2.0549134	0.1319843716	0.1319843716	0.77397218933	0.77397218933	4.2226692	0.1319843716
TAF15	-1.088004	-2.07787323	2.07787323	-1.4669409	1.4669409	0.2385225862	0.2385225862	0.77397218933	0.77397218933	2.1519156	0.2385225862
TAGLN2	2.5000951	0.24887502	-0.24887502	0.5971822	-0.5971822	0.5923882576	0.5923882576	0.88910884543	0.88910884543	0.3566266	0.5923882576
TARDBP	-1.113471	-1.24698917	1.24698917	-0.8825345	0.8825345	0.4423766038	0.4423766038	0.79174069086	0.79174069086	0.7788672	0.4423766038
TBCB	-1.7551149	0	0	0	0	1	1	1	1	0	1
TCP1	0.3441924	0.26192136	-0.26192136	0.3066186	-0.3066186	0.7791515231	0.7791515231	0.98539071652	0.98539071652	0.0940149	0.7791515231
TENM4	-1.5189642	-2.05797564	2.05797564	-1.1334608	1.1334608	0.3392837896	0.3392837896	0.77397218933	0.77397218933	1.2847334	0.3392837896
TF	-0.0436537	2.71995711	-2.71995711	1.749204	-1.749204	0.1784130277	0.1784130277	0.77397218933	0.77397218933	3.0597148	0.1784130277
TFRC	2.7320981	0.75150543	-0.75150543	1.4966349	-1.4966349	0.2312436637	0.2312436637	0.77397218933	0.77397218933	2.2399162	0.2312436637
TGM1	-1.3992202	-3.84541574	3.84541574	-2.3274885	2.3274885	0.1022333433	0.1022333433	0.77397218933	0.77397218933	5.4172027	0.1022333433
THOC3	-1.8627802	-1.86165417	1.86165417	-1.2787423	1.2787423	0.2907995884	0.2907995884	0.77397218933	0.77397218933	1.6351818	0.2907995884
THRAP3	-2.6269406	-1.389975	1.389975	-1.1787014	1.1787014	0.323362737	0.323362737	0.77397218933	0.77397218933	1.389337	0.323362737
THY1	2.8472098	0.44160908	-0.44160908	1.10101	-1.10101	0.3511832061	0.3511832061	0.77397218933	0.77397218933	1.2122229	0.3511832061
TIA1	-1.9627917	-0.11367897	0.11367897	-0.0932831	0.0932831	0.9315500592	0.9315500592	1	1	0.0087017	0.9315500592
TIGAR	-2.0615544	-0.40746414	0.40746414	-0.878193	0.878193	0.4443926178	0.4443926178	0.79240935581	0.79240935581	0.771223	0.4443926178
TIPRL	-2.504113	1.6356302	-1.6356302	1.1912358	-1.1912358	0.3190863537	0.3190863537	0.77397218933	0.77397218933	1.4190427	0.3190863537
TLN1	-0.0670166	2.09025181	-2.09025181	1.0889396	-1.0889396	0.3557136107	0.3557136107	0.77397218933	0.77397218933	1.1857894	0.3557136107
TMED10	-1.6692815	-0.37708151	0.37708151	-0.1596079	0.1596079	0.8833145752	0.8833145752	1	1	0.0254747	0.8833145752
TMED7-TICAM2	-0.9260656	1.69582095	-1.69582095	1.1935507	-1.1935507	0.3183028515	0.3183028515	0.77397218933	0.77397218933	1.4245634	0.3183028515
TMED9	-0.6986313	0.46664354	-0.46664354	0.2625079	-0.2625079	0.8098975342	0.8098975342	0.99797892651	0.99797892651	0.0689104	0.8098975342
TMEM205	-2.5294468	-0.52832083	0.52832083	-0.9801436	0.9801436	0.3991833641	0.3991833641	0.77397218933	0.77397218933	0.9606815	0.3991833641
TNFRSF10B	-2.7244343	-1.1949875	1.1949875	-1.1633331	1.1633331	0.328685141	0.328685141	0.77397218933	0.77397218933	1.353344	0.328685141
TNPO1	2.3526738	-0.28962173	0.28962173	-0.8847865	0.8847865	0.4413340689	0.4413340689	0.79174069086	0.79174069086	0.7828472	0.4413340689
TOMM70	-2.7936073	-1.05664167	1.05664167	-1.1475449	1.1475449	0.3342448057	0.3342448057	0.77397218933	0.77397218933	1.3168593	0.3342448057
TPBG	-2.7936073	1.05664167	-1.05664167	1.1475449	-1.1475449	0.3342448057	0.3342448057	0.77397218933	0.77397218933	1.3168593	0.3342448057
TPI1	3.7215888	0.08832614	-0.08832614	0.1904674	-0.1904674	0.8610837987	0.8610837987	0.99797892651	0.99797892651	0.0362778	0.8610837987
TPM3	5.2615423	-0.06649484	0.06649484	-0.2052576	0.2052576	0.8504883561	0.8504883561	0.99797892651	0.99797892651	0.0421307	0.8504883561
TPP2	-1.2808047	-1.47765314	1.47765314	-1.3823373	1.3823373	0.2606608221	0.2606608221	0.77397218933	0.77397218933	1.9108565	0.2606608221
TPT1	-1.7886494	-0.67658245	0.67658245	-0.3064364	0.3064364	0.7792774721	0.7792774721	0.98539071652	0.98539071652	0.0939032	0.7792774721
TRAP1	0.3873601	-1.69526813	1.69526813	-0.9027387	0.9027387	0.4331017215	0.4331017215	0.79137434972	0.79137434972	0.8149372	0.4331017215
TRIM28	-2.7682734	-1.10730936	1.10730936	-1.1539388	1.1539388	0.3319819861	0.3319819861	0.77397218933	0.77397218933	1.3315747	0.3319819861
TTYH3	-1.1209117	-0.74079747	0.74079747	-0.81102	0.81102	0.4766309353	0.4766309353	0.81341905334	0.81341905334	0.6577534	0.4766309353
TUBA1B	5.2759411	-0.42426039	0.42426039	-1.3095105	1.3095105	0.2814823264	0.2814823264	0.77397218933	0.77397218933	1.7148177	0.2814823264
TUBB	6.0462372	-0.06521171	0.06521171	-0.1987911	0.1987911	0.8551158243	0.8551158243	0.99797892651	0.99797892651	0.0395179	0.8551158243
TUFM	2.8248435	0.58109748	-0.58109748	1.2934543	-1.2934543	0.2863048517	0.2863048517	0.77397218933	0.77397218933	1.6730241	0.2863048517
TXN	0.7509547	-0.36414875	0.36414875	-0.1406015	0.1406015	0.897080415	0.897080415	1	1	0.0197688	0.897080415
TXNDC5	-1.2330398	1.0441501	-1.0441501	0.9570645	-0.9570645	0.4090309675	0.4090309675	0.77498583545	0.77498583545	0.9159725	0.4090309675
TXNRD1	-1.6658218	-0.77397603	0.77397603	-0.694935	0.694935	0.5370058452	0.5370058452	0.85577643824	0.85577643824	0.4829346	0.5370058452
U2AF1L5	-2.4066192	0.28266564	-0.28266564	0.7112194	-0.7112194	0.5281804165	0.5281804165	0.85328984957	0.85328984957	0.505833	0.5281804165
UBA1	1.9636441	0.56435878	-0.56435878	1.2808131	-1.2808131	0.290162491	0.290162491	0.77397218933	0.77397218933	1.6404822	0.290162491
UBA6	-1.1449766	0.02600084	-0.02600084	0.0181353	-0.0181353	0.986667801	0.986667801	1	1	0.0003289	0.986667801
UBE2N	-0.2377089	-2.16843845	2.16843845	-1.2808612	1.2808612	0.2901477235	0.2901477235	0.77397218933	0.77397218933	1.6406053	0.2901477235
UBQLN4	-0.7072197	-0.62482304	0.62482304	-0.2601373	0.2601373	0.8115637184	0.8115637184	0.99797892651	0.99797892651	0.0676714	0.8115637184
UBXN1	-2.5294468	1.5849625	-1.5849625	1.9478893	-1.9478893	0.1464199272	0.1464199272	0.77397218933	0.77397218933	3.7942728	0.1464199272
UCHL1	3.3772303	0.44721699	-0.44721699	0.9827229	-0.9827229	0.3980966679	0.3980966679	0.77397218933	0.77397218933	0.9657444	0.3980966679
UQCRC1	0.5104862	-1.82823701	1.82823701	-1.9923746	1.9923746	0.140204452	0.140204452	0.77397218933	0.77397218933	3.9695567	0.140204452
USP5	-1.500385	1.03849241	-1.03849241	0.6146215	-0.6146215	0.582209536	0.582209536	0.88449922781	0.88449922781	0.3777596	0.582209536
VAPA	-2.117125	-0.86165417	0.86165417	-0.4873097	0.4873097	0.6593750873	0.6593750873	0.92499985828	0.92499985828	0.2374707	0.6593750873
VAPB	0.709302	-0.47765314	0.47765314	-0.8577923	0.8577923	0.4539754541	0.4539754541	0.79817346844	0.79817346844	0.7358076	0.4539754541
VASN	-0.6949423	1.51083169	-1.51083169	1.7516581	-1.7516581	0.1779714755	0.1779714755	0.77397218933	0.77397218933	3.0683061	0.1779714755
VAT1	2.3753088	0.47029606	-0.47029606	0.9657195	-0.9657195	0.4053117526	0.4053117526	0.77498583545	0.77498583545	0.9326142	0.4053117526
VDAC1	1.1609832	-1.69908129	1.69908129	-1.0206745	1.0206745	0.3824260403	0.3824260403	0.77397218933	0.77397218933	1.0417765	0.3824260403
VDAC2	3.4196098	-0.5204875	0.5204875	-0.7544299	0.7544299	0.5053244032	0.5053244032	0.83774854939	0.83774854939	0.5691644	0.5053244032
VDAC3	0.0958208	0.00354617	-0.00354617	0.0015102	-0.0015102	0.9988896793	0.9988896793	1	1	2.3e-06	0.9988896793
VGF	0.6080568	3.93820773	-3.93820773	2.5142658	-2.5142658	0.0864692947	0.0864692947	0.77397218933	0.77397218933	6.3215326	0.0864692947
VIM	-0.005749	1.59086317	-1.59086317	1.6302908	-1.6302908	0.2013801577	0.2013801577	0.77397218933	0.77397218933	2.6578479	0.2013801577
WARS1	-1.752286	-0.74930917	0.74930917	-1.5127661	1.5127661	0.2273916958	0.2273916958	0.77397218933	0.77397218933	2.2884614	0.2273916958
WDR47	-2.0615544	-2.52074747	2.52074747	-2.2592546	2.2592546	0.1088505002	0.1088505002	0.77397218933	0.77397218933	5.1042314	0.1088505002
YBX1	1.4241769	0.84739254	-0.84739254	1.0307064	-1.0307064	0.3783827359	0.3783827359	0.77397218933	0.77397218933	1.0623557	0.3783827359
YWHAQ	4.5706629	0.21714055	-0.21714055	0.6668376	-0.6668376	0.5525045068	0.5525045068	0.86468194118	0.86468194118	0.4446724	0.5525045068
ZFR	-2.5294468	-1.5849625	1.5849625	-1.9478893	1.9478893	0.1464199272	0.1464199272	0.77397218933	0.77397218933	3.7942728	0.1464199272
ZNF326	-3.3219281	0	0	0	0	1	1	1	1	0	1
