A	Coef.KO - WT	Coef.WT - KO	t.KO - WT	t.WT - KO	p.value.KO - WT	p.value.WT - KO	p.value.adj.KO - WT	p.value.adj.WT - KO	F	F.p.value
ABCB1	0.5321073	-2.12181849	2.12181849	-1.4700645	1.4700645	0.1999352387	0.1999352387	0.92623449899	0.92623449899	2.1610896	0.1999352387
ABCC1	-1.1673602	0.73743453	-0.73743453	0.3743422	-0.3743422	0.7230942918	0.7230942918	1	1	0.1401321	0.7230942918
ABCF1	-0.611151	-1.1949875	1.1949875	-1.2016441	1.2016441	0.281912388	0.281912388	0.92623449899	0.92623449899	1.4439486	0.281912388
ACAT1	-2.504113	-1.6356302	1.6356302	-1.106059	1.106059	0.3177507118	0.3177507118	0.92623449899	0.92623449899	1.2233665	0.3177507118
ACAT2	0.1538326	0.00628634	-0.00628634	0.003532	-0.003532	0.9973148197	0.9973148197	1	1	1.25e-05	0.9973148197
ACE	-1.7720601	0.17152439	-0.17152439	0.1087182	-0.1087182	0.9175422059	0.9175422059	1	1	0.0118196	0.9175422059
ACLY	5.5983421	0.12943484	-0.12943484	0.3392228	-0.3392228	0.7478605418	0.7478605418	1	1	0.1150721	0.7478605418
ACOT7	-1.3316923	0.96476352	-0.96476352	0.5445491	-0.5445491	0.6088434117	0.6088434117	0.97942924783	0.97942924783	0.2965337	0.6088434117
ACOX1	-1.9059523	0	0	0	0	1	1	1	1	0	1
ACTG1	5.7511885	-0.3101343	0.3101343	-0.9315216	0.9315216	0.3932271671	0.3932271671	0.93187776157	0.93187776157	0.8677324	0.3932271671
ACTL6A	-2.0396803	-1.50785399	1.50785399	-0.800486	0.800486	0.4588064188	0.4588064188	0.94468106287	0.94468106287	0.6407778	0.4588064188
ACTN4	3.4519944	-0.59936368	0.59936368	-1.1334421	1.1334421	0.3070991694	0.3070991694	0.92623449899	0.92623449899	1.284691	0.3070991694
ACTR1A	-3.3219281	0	0	0	0	1	1	1	1	0	1
ADAM10	-0.5831602	-0.43604077	0.43604077	-0.2454121	0.2454121	0.8156337936	0.8156337936	1	1	0.0602271	0.8156337936
ADAR	-2.5577677	-1.52832083	1.52832083	-1.1022042	1.1022042	0.319275427	0.319275427	0.92623449899	0.92623449899	1.2148541	0.319275427
ADD1	-2.391101	-0.8050125	0.8050125	-0.6163819	0.6163819	0.5639101118	0.5639101118	0.97405083038	0.97405083038	0.3799267	0.5639101118
ADGRL2	-0.5334722	1.75829819	-1.75829819	0.7447064	-0.7447064	0.4890710895	0.4890710895	0.95481205133	0.95481205133	0.5545877	0.4890710895
ADRM1	0.3618205	-0.50594943	0.50594943	-0.5372999	0.5372999	0.6134930931	0.6134930931	0.97942924783	0.97942924783	0.2886912	0.6134930931
AHCY	3.9333122	-0.02626528	0.02626528	-0.0596415	0.0596415	0.9546902967	0.9546902967	1	1	0.0035571	0.9546902967
AIFM1	-2.3374463	-0.42101147	0.42101147	-0.3245785	0.3245785	0.7582920148	0.7582920148	1	1	0.1053512	0.7582920148
AIMP1	-3.0577677	0.52832083	-0.52832083	0.9302101	-0.9302101	0.3938451858	0.3938451858	0.93187776157	0.93187776157	0.8652908	0.3938451858
AKR1B1	-1.7116317	-0.0506677	0.0506677	-0.0417494	0.0417494	0.9682714946	0.9682714946	1	1	0.001743	0.9682714946
ALCAM	5.4184797	0.38185934	-0.38185934	0.9657213	-0.9657213	0.3773825745	0.3773825745	0.93187776157	0.93187776157	0.9326176	0.3773825745
ALDH2	1.2252288	0.0970771	-0.0970771	0.1318895	-0.1318895	0.9000782989	0.9000782989	1	1	0.0173949	0.9000782989
ALDOA	4.174593	0.03419416	-0.03419416	0.0771672	-0.0771672	0.9414039831	0.9414039831	1	1	0.0059548	0.9414039831
ALDOC	2.0804317	0.73236994	-0.73236994	1.0882044	-1.0882044	0.3248656746	0.3248656746	0.92623449899	0.92623449899	1.1841889	0.3248656746
ALK	-0.9367313	1.40746414	-1.40746414	0.6757667	-0.6757667	0.5283879824	0.5283879824	0.96617026473	0.96617026473	0.4566607	0.5283879824
ALOX12B	-1.9504583	-1.1949875	1.1949875	-0.6308933	0.6308933	0.5550912972	0.5550912972	0.97405083038	0.97405083038	0.3980263	0.5550912972
ANP32A	-2.0986198	-0.33333333	0.33333333	-0.2117862	0.2117862	0.8404145388	0.8404145388	1	1	0.0448534	0.8404145388
ANP32B	-1.8782984	-0.77397603	0.77397603	-0.5984738	0.5984738	0.5749146271	0.5749146271	0.97405083038	0.97405083038	0.3581709	0.5749146271
ANTXR1	-2.5385215	1.56681324	-1.56681324	1.1036735	-1.1036735	0.3186935146	0.3186935146	0.92623449899	0.92623449899	1.2180953	0.3186935146
ANXA2	1.692325	0.12734014	-0.12734014	0.1867267	-0.1867267	0.8590204907	0.8590204907	1	1	0.0348669	0.8590204907
ANXA6	-2.5294468	0.52832083	-0.52832083	0.4840625	-0.4840625	0.6482583834	0.6482583834	0.97942924783	0.97942924783	0.2343165	0.6482583834
AP2B1	-1.0858172	-2.35893853	2.35893853	-2.015692	2.015692	0.0983566722	0.0983566722	0.92623449899	0.92623449899	4.0630144	0.0983566722
APMAP	-2.6552614	1.33333333	-1.33333333	1.0928411	-1.0928411	0.3230049891	0.3230049891	0.92623449899	0.92623449899	1.1943018	0.3230049891
ARF1	-2.0856193	2.4726175	-2.4726175	2.1125611	-2.1125611	0.0868093241	0.0868093241	0.92623449899	0.92623449899	4.4629146	0.0868093241
ARG1	-0.9225832	-1.82573544	1.82573544	-0.8796385	0.8796385	0.4182663586	0.4182663586	0.93723015951	0.93723015951	0.7737638	0.4182663586
ARHGDIA	2.211222	0.74806865	-0.74806865	1.302323	-1.302323	0.2480929788	0.2480929788	0.92623449899	0.92623449899	1.6960451	0.2480929788
ASNS	0.4519152	1.04442832	-1.04442832	1.2374715	-1.2374715	0.2694288943	0.2694288943	0.92623449899	0.92623449899	1.5313358	0.2694288943
ATP1A3	5.8736498	0.06521171	-0.06521171	0.1869754	-0.1869754	0.8588353208	0.8588353208	1	1	0.0349598	0.8588353208
ATP1B1	2.6940477	-0.43178774	0.43178774	-0.7205887	0.7205887	0.5025872132	0.5025872132	0.9560334062	0.9560334062	0.5192481	0.5025872132
ATP1B3	0.7528675	1.5591269	-1.5591269	1.0056226	-1.0056226	0.3595537435	0.3595537435	0.93187776157	0.93187776157	1.0112769	0.3595537435
ATP2A2	-0.3015107	1.50259821	-1.50259821	0.7544591	-0.7544591	0.4836789923	0.4836789923	0.95481205133	0.95481205133	0.5692085	0.4836789923
ATP5F1A	4.5897127	0.05844742	-0.05844742	0.1127982	-0.1127982	0.9144630315	0.9144630315	1	1	0.0127234	0.9144630315
ATP5F1B	5.0504019	0.05759267	-0.05759267	0.1605459	-0.1605459	0.8785693616	0.8785693616	1	1	0.025775	0.8785693616
ATP5F1C	0.7074873	1.42464091	-1.42464091	2.0237902	-2.0237902	0.0973325554	0.0973325554	0.92623449899	0.92623449899	4.0957268	0.0973325554
ATP5F1D	-1.5078997	-1.75648689	1.75648689	-1.7334957	1.7334957	0.1419304903	0.1419304903	0.92623449899	0.92623449899	3.0050074	0.1419304903
ATP5PB	-0.0871505	2.8083198	-2.8083198	1.6846603	-1.6846603	0.1512586419	0.1512586419	0.92623449899	0.92623449899	2.8380803	0.1512586419
ATP5PD	-1.0485539	1.71479664	-1.71479664	0.9043132	-0.9043132	0.4062070095	0.4062070095	0.93723015951	0.93723015951	0.8177824	0.4062070095
ATP5PF	-1.0572985	0.64066583	-0.64066583	0.3877517	-0.3877517	0.7137355283	0.7137355283	1	1	0.1503514	0.7137355283
ATP5PO	0.6544914	-1.09436402	1.09436402	-0.6449953	0.6449953	0.5466066148	0.5466066148	0.97081785523	0.97081785523	0.4160189	0.5466066148
ATP6V1A	0.989947	-0.35312404	0.35312404	-0.1656154	0.1656154	0.8747758817	0.8747758817	1	1	0.0274285	0.8747758817
ATP6V1B2	1.5297925	-0.46465756	0.46465756	-0.3879207	0.3879207	0.7136178897	0.7136178897	1	1	0.1504825	0.7136178897
ATP6V1E1	-1.8214589	0.887655	-0.887655	0.6027038	-0.6027038	0.5723032686	0.5723032686	0.97405083038	0.97405083038	0.3632519	0.5723032686
ATP7A	-1.8695538	1.35679644	-1.35679644	1.1101306	-1.1101306	0.3161470409	0.3161470409	0.92623449899	0.92623449899	1.23239	0.3161470409
AZGP1	-1.5543482	-0.70320816	0.70320816	-0.3095902	0.3095902	0.7690287057	0.7690287057	1	1	0.0958461	0.7690287057
BAG6	-2.3145291	0.95815637	-0.95815637	0.6705666	-0.6705666	0.5314380722	0.5314380722	0.96617026473	0.96617026473	0.4496596	0.5314380722
BASP1	0.5037552	-1.09610657	1.09610657	-1.1247181	1.1247181	0.3104586242	0.3104586242	0.92623449899	0.92623449899	1.2649909	0.3104586242
BAX	0.8405461	0.68601071	-0.68601071	0.3678764	-0.3678764	0.7276266105	0.7276266105	1	1	0.135333	0.7276266105
BCAP29	-1.4825658	-2.13077247	2.13077247	-2.5901417	2.5901417	0.0475536846	0.0475536846	0.92623449899	0.92623449899	6.7088338	0.0475536846
BCAP31	0.5740016	1.33887269	-1.33887269	0.7739723	-0.7739723	0.4730180794	0.4730180794	0.95148881675	0.95148881675	0.5990331	0.4730180794
BLVRA	-2.0856193	-0.35933417	0.35933417	-0.2257346	0.2257346	0.8301080168	0.8301080168	1	1	0.0509561	0.8301080168
BSG	3.8018897	0.5032218	-0.5032218	1.0953322	-1.0953322	0.3220091024	0.3220091024	0.92623449899	0.92623449899	1.1997527	0.3220091024
C1orf68	-0.5996394	-4.38793563	4.38793563	-5.6628396	5.6628396	0.0021810366	0.0021810366	0.15223635572	0.15223635572	32.067752	0.0021810366
CACNA2D1	4.6867255	0.7171607	-0.7171607	1.6651978	-1.6651978	0.155144248	0.155144248	0.92623449899	0.92623449899	2.7728836	0.155144248
CACNA2D2	4.6087594	0.19467609	-0.19467609	0.4178202	-0.4178202	0.6929569125	0.6929569125	0.98856654381	0.98856654381	0.1745737	0.6929569125
CACYBP	0.1233388	1.88533742	-1.88533742	1.5090572	-1.5090572	0.1900831681	0.1900831681	0.92623449899	0.92623449899	2.2772535	0.1900831681
CADM1	-0.720822	-0.69895385	0.69895385	-0.4179804	0.4179804	0.692846976	0.692846976	0.98856654381	0.98856654381	0.1747076	0.692846976
CADM3	1.3395129	0.55237076	-0.55237076	0.8239953	-0.8239953	0.446470065	0.446470065	0.93812055503	0.93812055503	0.6789682	0.446470065
CADM4	-1.266962	0.97630563	-0.97630563	0.5309529	-0.5309529	0.617580971	0.617580971	0.97942924783	0.97942924783	0.281911	0.617580971
CALD1	-1.8818873	0.04812997	-0.04812997	0.0263629	-0.0263629	0.9799606892	0.9799606892	1	1	0.000695	0.9799606892
CALM2	0.9245688	2.15314387	-2.15314387	1.2546374	-1.2546374	0.2636253358	0.2636253358	0.92623449899	0.92623449899	1.574115	0.2636253358
CAND1	-3.0577677	0.52832083	-0.52832083	0.9302101	-0.9302101	0.3938451858	0.3938451858	0.93187776157	0.93187776157	0.8652908	0.3938451858
CAP1	2.9946528	-0.35613266	0.35613266	-0.7069005	0.7069005	0.5103730105	0.5103730105	0.95646068349	0.95646068349	0.4997083	0.5103730105
CAPN1	-1.8214589	1.94429667	-1.94429667	1.5433446	-1.5433446	0.1818075349	0.1818075349	0.92623449899	0.92623449899	2.3819126	0.1818075349
CAPRIN1	-2.4602739	0.66666667	-0.66666667	0.556799	-0.556799	0.6010333218	0.6010333218	0.97942924783	0.97942924783	0.3100251	0.6010333218
CAPZA1	1.7241134	0.33403115	-0.33403115	0.3613379	-0.3613379	0.7322226565	0.7322226565	1	1	0.1305651	0.7322226565
CAPZA2	-0.8906318	-0.0826425	0.0826425	-0.0520022	0.0520022	0.9604871803	0.9604871803	1	1	0.0027042	0.9604871803
CAPZB	2.2818918	0.67884196	-0.67884196	1.5740993	-1.5740993	0.1746825667	0.1746825667	0.92623449899	0.92623449899	2.4777886	0.1746825667
CASP14	1.2724411	-1.03940397	1.03940397	-0.4659937	0.4659937	0.6602974011	0.6602974011	0.98172036546	0.98172036546	0.2171501	0.6602974011
CBX1	-1.5793736	-2.42846741	2.42846741	-1.5552382	1.5552382	0.1790192432	0.1790192432	0.92623449899	0.92623449899	2.4187659	0.1790192432
CBX3	1.7314756	-1.32894681	1.32894681	-2.7560058	2.7560058	0.038847632	0.038847632	0.92623449899	0.92623449899	7.5955682	0.038847632
CBX5	-1.8936188	-0.02466686	0.02466686	-0.0136199	0.0136199	0.9896460174	0.9896460174	1	1	0.0001855	0.9896460174
CCAR2	-1.8782984	0.28266564	-0.28266564	0.1961636	-0.1961636	0.852001016	0.852001016	1	1	0.0384801	0.852001016
CCT2	3.1737102	0.65104779	-0.65104779	1.366155	-1.366155	0.2286144296	0.2286144296	0.92623449899	0.92623449899	1.8663795	0.2286144296
CCT3	1.7584009	-0.43449701	0.43449701	-0.1820047	0.1820047	0.8625383836	0.8625383836	1	1	0.0331257	0.8625383836
CCT4	1.4697709	-0.47554583	0.47554583	-0.214721	0.214721	0.8382429403	0.8382429403	1	1	0.0461051	0.8382429403
CCT5	1.2134246	-0.27707734	0.27707734	-0.1292276	0.1292276	0.902081561	0.902081561	1	1	0.0166998	0.902081561
CCT6A	0.9496304	-0.52866768	0.52866768	-0.2664966	0.2664966	0.800216078	0.800216078	1	1	0.0710204	0.800216078
CCT7	0.8192518	1.5381305	-1.5381305	0.9012211	-0.9012211	0.4077031701	0.4077031701	0.93723015951	0.93723015951	0.8121995	0.4077031701
CCT8	3.1687181	0.47826892	-0.47826892	0.8148163	-0.8148163	0.4512569865	0.4512569865	0.93812055503	0.93812055503	0.6639256	0.4512569865
CD200	-1.6029253	0.60605389	-0.60605389	0.2752997	-0.2752997	0.7938086855	0.7938086855	1	1	0.0757899	0.7938086855
CD276	2.8908623	-0.05483135	0.05483135	-0.088244	0.088244	0.9330172955	0.9330172955	1	1	0.007787	0.9330172955
CD59	1.6978181	-2.17573658	2.17573658	-1.1928596	1.1928596	0.2850508248	0.2850508248	0.92623449899	0.92623449899	1.4229139	0.2850508248
CD81	-1.7460402	0.01814926	-0.01814926	0.0111137	-0.0111137	0.9915511207	0.9915511207	1	1	0.0001235	0.9915511207
CDC37	-1.6177269	-1.29511914	1.29511914	-0.876289	0.876289	0.4199245369	0.4199245369	0.93723015951	0.93723015951	0.7678824	0.4199245369
CDC42	-2.6707797	1.30229687	-1.30229687	1.0909795	-1.0909795	0.3237509556	0.3237509556	0.92623449899	0.92623449899	1.1902363	0.3237509556
CDH2	-2.0362205	-0.35679644	0.35679644	-0.2160571	0.2160571	0.8372547931	0.8372547931	1	1	0.0466807	0.8372547931
CDK5	-0.8708994	1.53912799	-1.53912799	0.9149251	-0.9149251	0.4011049966	0.4011049966	0.93723015951	0.93723015951	0.8370879	0.4011049966
CEND1	0.7405652	-2.46108318	2.46108318	-1.7943536	1.7943536	0.1311092905	0.1311092905	0.92623449899	0.92623449899	3.2197049	0.1311092905
CEP170	-1.4189527	0.97399916	-0.97399916	0.5799059	-0.5799059	0.5864644169	0.5864644169	0.97942924783	0.97942924783	0.3362909	0.5864644169
CFL1	4.0679186	0.2974217	-0.2974217	0.8818829	-0.8818829	0.4171580641	0.4171580641	0.93723015951	0.93723015951	0.7777175	0.4171580641
CHCHD5	-3.3219281	0	0	0	0	1	1	1	1	0	1
CIRBP	-1.1757141	-4.29242804	4.29242804	-6.4299087	6.4299087	0.0012172335	0.0012172335	0.11153000681	0.11153000681	41.3437265	0.0012172335
CKAP5	-1.8578223	-1.05664167	1.05664167	-0.8439987	0.8439987	0.4361699275	0.4361699275	0.93812055503	0.93812055503	0.7123337	0.4361699275
CKB	-1.7837916	-1.52832083	1.52832083	-1.0988314	1.0988314	0.3206146371	0.3206146371	0.92623449899	0.92623449899	1.2074304	0.3206146371
CLMP	-0.4795788	-0.08982022	0.08982022	-0.0683108	0.0683108	0.9481157135	0.9481157135	1	1	0.0046664	0.9481157135
CLPTM1	-2.2399526	-0.0506677	0.0506677	-0.0364902	0.0364902	0.9722660719	0.9722660719	1	1	0.0013315	0.9722660719
CLTA	-1.9923814	0.12085669	-0.12085669	0.0714431	-0.0714431	0.945741308	0.945741308	1	1	0.0051041	0.945741308
CLTC	5.0265807	-0.25584457	0.25584457	-0.6511422	0.6511422	0.5429346953	0.5429346953	0.97001375239	0.97001375239	0.4239862	0.5429346953
CNBP	-2.2652864	-2.11328333	2.11328333	-2.1412369	2.1412369	0.0836707146	0.0836707146	0.92623449899	0.92623449899	4.5848955	0.0836707146
CNN3	1.8794957	-0.00803189	0.00803189	-0.0130715	0.0130715	0.9900629141	0.9900629141	1	1	0.0001709	0.9900629141
CNNM2	-3.3219281	0	0	0	0	1	1	1	1	0	1
CNP	-2.3003809	-0.17152439	0.17152439	-0.1300075	0.1300075	0.9014945679	0.9014945679	1	1	0.0169019	0.9014945679
CNTFR	2.5286702	0.5265868	-0.5265868	1.032807	-1.032807	0.3478085389	0.3478085389	0.92623449899	0.92623449899	1.0666904	0.3478085389
CNTN1	1.9087056	-1.45896524	1.45896524	-0.9752759	0.9752759	0.3730491529	0.3730491529	0.93187776157	0.93187776157	0.9511631	0.3730491529
COPA	-1.4091371	1.61096334	-1.61096334	1.0180302	-1.0180302	0.3541528483	0.3541528483	0.92931837647	0.92931837647	1.0363855	0.3541528483
COPG2	-2.7936073	0	0	0	0	1	1	1	1	0	1
CORO1A	-0.081305	-0.62482304	0.62482304	-0.3030952	0.3030952	0.7736996167	0.7736996167	1	1	0.0918667	0.7736996167
CORO1C	-1.728221	2.13077247	-2.13077247	1.6152757	-1.6152757	0.1655685464	0.1655685464	0.92623449899	0.92623449899	2.6091156	0.1655685464
CPNE1	-0.3148281	1.86165417	-1.86165417	1.6661989	-1.6661989	0.1549419827	0.1549419827	0.92623449899	0.92623449899	2.7762187	0.1549419827
CPNE3	0.1218407	3.7539111	-3.7539111	2.5082672	-2.5082672	0.052619416	0.052619416	0.92623449899	0.92623449899	6.2914043	0.052619416
CPOX	-2.2170353	2.20978554	-2.20978554	1.6330202	-1.6330202	0.1617864159	0.1617864159	0.92623449899	0.92623449899	2.6667551	0.1617864159
CPT1A	-1.8214589	1.94429667	-1.94429667	1.5433446	-1.5433446	0.1818075349	0.1818075349	0.92623449899	0.92623449899	2.3819126	0.1818075349
CRABP2	2.611112	0.64583581	-0.64583581	1.0496214	-1.0496214	0.3407050157	0.3407050157	0.92623449899	0.92623449899	1.1017052	0.3407050157
CRMP1	3.8190303	-0.21579446	0.21579446	-0.4222187	0.4222187	0.6899420745	0.6899420745	0.98856654381	0.98856654381	0.1782686	0.6899420745
CS	-1.4387268	-0.31978601	0.31978601	-0.2321593	0.2321593	0.8253734492	0.8253734492	1	1	0.053898	0.8253734492
CSN1S1_COW	-0.5152752	0.8135242	-0.8135242	0.3890792	-0.3890792	0.7128120413	0.7128120413	1	1	0.1513826	0.7128120413
CSN3_COW	-2.5385215	1.56681324	-1.56681324	1.1036735	-1.1036735	0.3186935146	0.3186935146	0.92623449899	0.92623449899	1.2180953	0.3186935146
CSTF2	-1.9387268	-1.21845061	1.21845061	-1.0478487	1.0478487	0.3414481384	0.3414481384	0.92623449899	0.92623449899	1.097987	0.3414481384
CTNNA1	0.7460682	0.77215272	-0.77215272	0.2839574	-0.2839574	0.7875248406	0.7875248406	1	1	0.0806318	0.7875248406
CTNNB1	2.1010339	-1.08395451	1.08395451	-0.6970665	0.6970665	0.5160174132	0.5160174132	0.96266306829	0.96266306829	0.4859018	0.5160174132
CTNND1	1.0383795	-2.14552355	2.14552355	-1.3830555	1.3830555	0.2237002688	0.2237002688	0.92623449899	0.92623449899	1.9128426	0.2237002688
CTSD	1.5828828	-0.63914042	0.63914042	-0.554994	0.554994	0.6021803543	0.6021803543	0.97942924783	0.97942924783	0.3080184	0.6021803543
CTTN	-2.3861431	-1.87156995	1.87156995	-2.1100701	2.1100701	0.0870877544	0.0870877544	0.92623449899	0.92623449899	4.452396	0.0870877544
CXADR	3.0743719	-0.08431973	0.08431973	-0.1387792	0.1387792	0.8948973913	0.8948973913	1	1	0.0192597	0.8948973913
CYB5B	1.0284872	0.60269391	-0.60269391	1.0488672	-1.0488672	0.3410210196	0.3410210196	0.92623449899	0.92623449899	1.1001225	0.3410210196
CYP26B1	-0.680654	1.29769493	-1.29769493	1.0483452	-1.0483452	0.3412399041	0.3412399041	0.92623449899	0.92623449899	1.0990276	0.3412399041
DAD1	-1.3022127	-0.90580427	0.90580427	-0.5001569	0.5001569	0.6376355419	0.6376355419	0.97942924783	0.97942924783	0.2501569	0.6376355419
DARS1	-1.4189527	-0.0826425	0.0826425	-0.0538791	0.0538791	0.9590627181	0.9590627181	1	1	0.002903	0.9590627181
DBH	4.3988917	0.62596531	-0.62596531	1.345467	-1.345467	0.2347667571	0.2347667571	0.92623449899	0.92623449899	1.8102813	0.2347667571
DBN1	-1.2528139	-1.00460193	1.00460193	-0.507876	0.507876	0.6325749557	0.6325749557	0.97942924783	0.97942924783	0.257938	0.6325749557
DBNL	-1.2936073	-4.05664167	4.05664167	-9.8136014	9.8136014	0.0001599823	0.0001599823	0.0400185796	0.0400185796	96.3067732	0.0001599823
DCHS1	1.7025019	-0.74800353	0.74800353	-1.4119822	1.4119822	0.2155181901	0.2155181901	0.92623449899	0.92623449899	1.9936937	0.2155181901
DCX	-1.4881256	1.27763	-1.27763	0.8111456	-0.8111456	0.4531819512	0.4531819512	0.93863798801	0.93863798801	0.6579572	0.4531819512
DDB1	-1.3337184	-3.97641947	3.97641947	-2.134336	2.134336	0.0844149572	0.0844149572	0.92623449899	0.92623449899	4.55539	0.0844149572
DDOST	-1.751584	0.60245164	-0.60245164	0.4218179	-0.4218179	0.6902165491	0.6902165491	0.98856654381	0.98856654381	0.1779303	0.6902165491
DDX1	-3.0577677	0.52832083	-0.52832083	0.9302101	-0.9302101	0.3938451858	0.3938451858	0.93187776157	0.93187776157	0.8652908	0.3938451858
DDX17	-1.0024593	-1.80698582	1.80698582	-0.9366026	0.9366026	0.3908400901	0.3908400901	0.93187776157	0.93187776157	0.8772243	0.3908400901
DDX21	-2.6873689	1.26911831	-1.26911831	1.0888481	-1.0888481	0.3246068071	0.3246068071	0.92623449899	0.92623449899	1.1855903	0.3246068071
DDX39B	-0.6596527	-0.90497976	0.90497976	-0.469314	0.469314	0.6580762577	0.6580762577	0.98172036546	0.98172036546	0.2202557	0.6580762577
DDX3X	1.6902218	-0.29420579	0.29420579	-0.3036206	0.3036206	0.7733213693	0.7733213693	1	1	0.0921855	0.7733213693
DDX5	1.6007575	-1.87566461	1.87566461	-2.287771	2.287771	0.0694024978	0.0694024978	0.92623449899	0.92623449899	5.2338962	0.0694024978
DEFA1B	-1.4972002	-0.1508374	0.1508374	-0.0655489	0.0655489	0.9502097893	0.9502097893	1	1	0.0042967	0.9502097893
DHX9	-1.6862979	-2.21461873	2.21461873	-0.8911296	0.8911296	0.4126161094	0.4126161094	0.93723015951	0.93723015951	0.794112	0.4126161094
DIAPH1	-1.3084585	4.02693918	-4.02693918	10.6336982	-10.6336982	0.0001076764	0.0001076764	0.0400185796	0.0400185796	113.0755379	0.0001076764
DLST	-1.3681268	-0.77397603	0.77397603	-0.416822	0.416822	0.6936419646	0.6936419646	0.98856654381	0.98856654381	0.1737406	0.6936419646
DNAJA1	-1.9885948	0	0	0	0	1	1	1	1	0	1
DPM3	-1.5485539	-3.54674831	3.54674831	-2.2195346	2.2195346	0.0756957197	0.0756957197	0.92623449899	0.92623449899	4.9263339	0.0756957197
DPP6	-2.7936073	-1.05664167	1.05664167	-1.8604202	1.8604202	0.1203040598	0.1203040598	0.92623449899	0.92623449899	3.4611632	0.1203040598
DPY30	-1.7732078	0.26548887	-0.26548887	0.1350426	-0.1350426	0.8977065831	0.8977065831	1	1	0.0182365	0.8977065831
DPYSL2	4.7669755	-0.13573807	0.13573807	-0.3380392	0.3380392	0.7487014349	0.7487014349	1	1	0.1142705	0.7487014349
DPYSL3	3.2915298	-0.13521814	0.13521814	-0.2198091	0.2198091	0.8344817945	0.8344817945	1	1	0.0483161	0.8344817945
DPYSL4	-2.7936073	1.05664167	-1.05664167	1.0706184	-1.0706184	0.3320060324	0.3320060324	0.92623449899	0.92623449899	1.1462239	0.3320060324
DPYSL5	-0.0238477	-2.75956919	2.75956919	-1.5627586	1.5627586	0.1772776883	0.1772776883	0.92623449899	0.92623449899	2.4422143	0.1772776883
DSG1	3.3849505	-0.95207261	0.95207261	-0.8771311	0.8771311	0.419507155	0.419507155	0.93723015951	0.93723015951	0.769359	0.419507155
DSTN	-1.1579771	1.93792706	-1.93792706	1.0960304	-1.0960304	0.3217304611	0.3217304611	0.92623449899	0.92623449899	1.2012826	0.3217304611
DUT	-1.1647507	2.76640267	-2.76640267	2.4010595	-2.4010595	0.0601566629	0.0601566629	0.92623449899	0.92623449899	5.7650867	0.0601566629
DYNC1H1	-0.8062622	1.12601107	-1.12601107	0.4819215	-0.4819215	0.6496787131	0.6496787131	0.97942924783	0.97942924783	0.2322483	0.6496787131
DYNC1I2	-3.0577677	-0.52832083	0.52832083	-0.9302101	0.9302101	0.3938451858	0.3938451858	0.93187776157	0.93187776157	0.8652908	0.3938451858
DYNLL1	1.4855889	-0.81750407	0.81750407	-1.4790553	1.4790553	0.1976210719	0.1976210719	0.92623449899	0.92623449899	2.1876047	0.1976210719
DYNLRB1	-1.5587088	0.13479675	-0.13479675	0.0737113	-0.0737113	0.9440223792	0.9440223792	1	1	0.0054334	0.9440223792
DYNLT1	-2.5786895	-1.48647721	1.48647721	-1.1004832	1.1004832	0.3199581752	0.3199581752	0.92623449899	0.92623449899	1.2110632	0.3199581752
ECH1	-0.6696435	2.4726175	-2.4726175	1.8607527	-1.8607527	0.1202520348	0.1202520348	0.92623449899	0.92623449899	3.4624005	0.1202520348
ECHS1	-1.5169743	1.73833763	-1.73833763	1.1460265	-1.1460265	0.3023087591	0.3023087591	0.92623449899	0.92623449899	1.3133767	0.3023087591
ECI1	-3.0577677	0.52832083	-0.52832083	0.9302101	-0.9302101	0.3938451858	0.3938451858	0.93187776157	0.93187776157	0.8652908	0.3938451858
EEF1A1	4.2595178	0.00859078	-0.00859078	0.0152793	-0.0152793	0.9883846351	0.9883846351	1	1	0.0002335	0.9883846351
EEF1B2	-1.7973939	-0.93578497	0.93578497	-0.7064358	0.7064358	0.5106387593	0.5106387593	0.95646068349	0.95646068349	0.4990515	0.5106387593
EEF1G	0.7450973	0.85381553	-0.85381553	0.4860555	-0.4860555	0.6469377042	0.6469377042	0.97942924783	0.97942924783	0.23625	0.6469377042
EEF2	3.6442052	0.1521183	-0.1521183	0.4449233	-0.4449233	0.6744836317	0.6744836317	0.98548706171	0.98548706171	0.1979567	0.6744836317
EFNB2	-1.5615544	-3.52074747	3.52074747	-9.6700071	9.6700071	0.0001719996	0.0001719996	0.0400185796	0.0400185796	93.5090382	0.0001719996
EIF3A	-2.0615544	0.40746414	-0.40746414	0.2506907	-0.2506907	0.8117647024	0.8117647024	1	1	0.0628458	0.8117647024
EIF4A1	-0.6217145	0.15351739	-0.15351739	0.081202	-0.081202	0.9383480064	0.9383480064	1	1	0.0065938	0.9383480064
EIF4A3	-2.5385215	-1.56681324	1.56681324	-1.1036735	1.1036735	0.3186935146	0.3186935146	0.92623449899	0.92623449899	1.2180953	0.3186935146
EIF4B	-1.5169743	-0.4762811	0.4762811	-0.2824006	0.2824006	0.7886534983	0.7886534983	1	1	0.0797501	0.7886534983
EIF5A	-1.8782984	0.77397603	-0.77397603	0.5984738	-0.5984738	0.5749146271	0.5749146271	0.97405083038	0.97405083038	0.3581709	0.5749146271
ELAVL1	-2.1831131	-2.27763	2.27763	-1.6168766	1.6168766	0.1652237833	0.1652237833	0.92623449899	0.92623449899	2.61429	0.1652237833
ELAVL4	-2.1460477	2.35176081	-2.35176081	2.0502734	-2.0502734	0.0940603031	0.0940603031	0.92623449899	0.92623449899	4.2036211	0.0940603031
ELMOD2	-1.7961251	3.05160604	-3.05160604	2.1881968	-2.1881968	0.0787865888	0.0787865888	0.92623449899	0.92623449899	4.7882052	0.0787865888
EMD	-2.1917015	-0.71250117	0.71250117	-0.470774	0.470774	0.6571008945	0.6571008945	0.98172036546	0.98172036546	0.2216281	0.6571008945
ENAH	-1.3183158	2.13565473	-2.13565473	1.855827	-1.855827	0.12102508	0.12102508	0.92623449899	0.92623449899	3.4440937	0.12102508
ENO1	3.7254589	-0.11568434	0.11568434	-0.2612361	0.2612361	0.8040534848	0.8040534848	1	1	0.0682443	0.8040534848
EPDR1	-2.8540356	-0.93578497	0.93578497	-1.0550351	1.0550351	0.3384439969	0.3384439969	0.92623449899	0.92623449899	1.113099	0.3384439969
EPHB2	2.5520117	-2.42303685	2.42303685	-1.1523183	1.1523183	0.2999381852	0.2999381852	0.92623449899	0.92623449899	1.3278375	0.2999381852
EPRS1	0.8898113	-1.28523931	1.28523931	-0.7388469	0.7388469	0.4923311337	0.4923311337	0.95481205133	0.95481205133	0.5458948	0.4923311337
ERH	0.0332238	-0.68618796	0.68618796	-0.3724513	0.3724513	0.7244184305	0.7244184305	1	1	0.13872	0.7244184305
ERO1A	-1.9627917	-0.11367897	0.11367897	-0.0657993	0.0657993	0.9500198906	0.9500198906	1	1	0.0043296	0.9500198906
ERP29	0.6379424	0.73819802	-0.73819802	0.4292755	-0.4292755	0.6851187051	0.6851187051	0.98856654381	0.98856654381	0.1842775	0.6851187051
ERP44	0.4030961	-1.64975518	1.64975518	-1.0665477	1.0665477	0.3336777302	0.3336777302	0.92623449899	0.92623449899	1.1375239	0.3336777302
ESYT1	1.1406644	-0.79329762	0.79329762	-0.4294417	0.4294417	0.6850053002	0.6850053002	0.98856654381	0.98856654381	0.1844202	0.6850053002
EZR	-1.0471269	-1.41597584	1.41597584	-0.7303173	0.7303173	0.4971040119	0.4971040119	0.9560334062	0.9560334062	0.5333634	0.4971040119
FABP5	0.9864628	-2.04169026	2.04169026	-1.2526755	1.2526755	0.2642828748	0.2642828748	0.92623449899	0.92623449899	1.5691959	0.2642828748
FAM234A	2.1237505	-0.81868101	0.81868101	-0.9540474	0.9540474	0.382732312	0.382732312	0.93187776157	0.93187776157	0.9102065	0.382732312
FASN	3.1309357	2.50923895	-2.50923895	1.079767	-1.079767	0.3282750037	0.3282750037	0.92623449899	0.92623449899	1.1658968	0.3282750037
FBL	-2.2146187	-0.66666667	0.66666667	-0.4508825	0.4508825	0.6704555898	0.6704555898	0.98548706171	0.98548706171	0.2032951	0.6704555898
FDFT1	-1.9168527	0.20555712	-0.20555712	0.1373617	-0.1373617	0.8959628622	0.8959628622	1	1	0.0188682	0.8959628622
FKBP4	1.7221692	-0.85369513	0.85369513	-1.1547987	1.1547987	0.2990081283	0.2990081283	0.92623449899	0.92623449899	1.3335601	0.2990081283
FLG	-1.0272652	0.61986163	-0.61986163	0.2880593	-0.2880593	0.7845540191	0.7845540191	1	1	0.0829781	0.7845540191
FLNB	3.097663	0.62350159	-0.62350159	1.0084169	-1.0084169	0.3583315494	0.3583315494	0.93187776157	0.93187776157	1.0169046	0.3583315494
FLOT1	-1.5294468	1.1949875	-1.1949875	0.7758865	-0.7758865	0.4719814644	0.4719814644	0.95148881675	0.95148881675	0.6019998	0.4719814644
FLOT2	-1.9923814	2.65909331	-2.65909331	2.1547087	-2.1547087	0.0822376836	0.0822376836	0.92623449899	0.92623449899	4.6427697	0.0822376836
FLVCR1	-1.2491428	0.69895385	-0.69895385	0.4648793	-0.4648793	0.6610437991	0.6610437991	0.98172036546	0.98172036546	0.2161127	0.6610437991
FSCN1	1.8019846	1.20728515	-1.20728515	0.595497	-0.595497	0.5767567382	0.5767567382	0.97405083038	0.97405083038	0.3546167	0.5767567382
FTH1	-1.5572985	-1.41597584	1.41597584	-0.9463918	0.9463918	0.3862736372	0.3862736372	0.93187776157	0.93187776157	0.8956574	0.3862736372
FUBP1	-2.0102006	-0.51017157	0.51017157	-0.3004125	0.3004125	0.7756320677	0.7756320677	1	1	0.0902477	0.7756320677
FUBP3	-2.5294468	0.52832083	-0.52832083	0.4840625	-0.4840625	0.6482583834	0.6482583834	0.97942924783	0.97942924783	0.2343165	0.6482583834
FUS	-1.8611162	-1.3736718	1.3736718	-0.6735	0.6735	0.529716102	0.529716102	0.96617026473	0.96617026473	0.4536022	0.529716102
FXR1	-2.0856193	0.35933417	-0.35933417	0.2257346	-0.2257346	0.8301080168	0.8301080168	1	1	0.0509561	0.8301080168
G3BP2	-3.0577677	-0.52832083	0.52832083	-0.9302101	0.9302101	0.3938451858	0.3938451858	0.93187776157	0.93187776157	0.8652908	0.3938451858
GANAB	-3.0577677	-0.52832083	0.52832083	-0.9302101	0.9302101	0.3938451858	0.3938451858	0.93187776157	0.93187776157	0.8652908	0.3938451858
GAP43	3.5552025	-0.26705154	0.26705154	-0.4381982	0.4381982	0.6790441056	0.6790441056	0.98548706171	0.98548706171	0.1920176	0.6790441056
GAPDH	5.1517591	-0.08435486	0.08435486	-0.2320876	0.2320876	0.8254263034	0.8254263034	1	1	0.0538646	0.8254263034
GARS1	-0.8752565	-0.07413081	0.07413081	-0.0421953	0.0421953	0.9679328509	0.9679328509	1	1	0.0017804	0.9679328509
GART	-2.0102006	-2.62345491	2.62345491	-2.0766464	2.0766464	0.0909156674	0.0909156674	0.92623449899	0.92623449899	4.3124603	0.0909156674
GDAP1	-1.3116433	0.35933417	-0.35933417	0.2555505	-0.2555505	0.8082079645	0.8082079645	1	1	0.0653061	0.8082079645
GDI2	-0.385674	0.40606006	-0.40606006	0.2154353	-0.2154353	0.8377146435	0.8377146435	1	1	0.0464124	0.8377146435
GET3	-2.9349401	0.77397603	-0.77397603	1.0238318	-1.0238318	0.3516506336	0.3516506336	0.92623449899	0.92623449899	1.0482315	0.3516506336
GFRA2	-2.504113	1.6356302	-1.6356302	1.106059	-1.106059	0.3177507118	0.3177507118	0.92623449899	0.92623449899	1.2233665	0.3177507118
GGCT	-0.9313277	-1.18632243	1.18632243	-0.5418871	0.5418871	0.6105484614	0.6105484614	0.97942924783	0.97942924783	0.2936416	0.6105484614
GLUD1	-1.5986198	3.44661667	-3.44661667	8.4855215	-8.4855215	0.0003254098	0.0003254098	0.05678400437	0.05678400437	72.0040748	0.0003254098
GNA13	2.7292009	0.12431737	-0.12431737	0.2253469	-0.2253469	0.8303939226	0.8303939226	1	1	0.0507812	0.8303939226
GNAI3	2.2963087	1.04620547	-1.04620547	1.4906583	-1.4906583	0.1946724346	0.1946724346	0.92623449899	0.92623449899	2.2220622	0.1946724346
GNB1	3.43483	-0.11776696	0.11776696	-0.2741262	0.2741262	0.7946617978	0.7946617978	1	1	0.0751451	0.7946617978
GNG2	-1.024489	0.87156995	-0.87156995	0.4995575	-0.4995575	0.6380294082	0.6380294082	0.97942924783	0.97942924783	0.2495577	0.6380294082
GOT2	-2.0102006	-2.62345491	2.62345491	-2.0766464	2.0766464	0.0909156674	0.0909156674	0.92623449899	0.92623449899	4.3124603	0.0909156674
GPC2	0.2817582	-1.73115991	1.73115991	-1.2886313	1.2886313	0.2524650812	0.2524650812	0.92623449899	0.92623449899	1.6605707	0.2524650812
GPC6	-1.9627917	1.17032064	-1.17032064	0.8805329	-0.8805329	0.417824422	0.417824422	0.93723015951	0.93723015951	0.7753382	0.417824422
GPRIN1	0.989625	0.60865687	-0.60865687	0.4721406	-0.4721406	0.6561885086	0.6561885086	0.98172036546	0.98172036546	0.2229168	0.6561885086
GPX1	-0.6780261	-0.50785399	0.50785399	-0.2815522	0.2815522	0.7892687793	0.7892687793	1	1	0.0792716	0.7892687793
GRPEL1	0.2596802	0.66330373	-0.66330373	0.4423293	-0.4423293	0.6762408364	0.6762408364	0.98548706171	0.98548706171	0.1956552	0.6762408364
GSPT1	-2.0196312	-2.60459373	2.60459373	-6.3625374	6.3625374	0.0012782809	0.0012782809	0.11153000681	0.11153000681	40.481882	0.0012782809
GSTM3	-2.117125	-2.40960623	2.40960623	-2.1492712	2.1492712	0.0828129442	0.0828129442	0.92623449899	0.92623449899	4.6193668	0.0828129442
GSTO1	0.3091772	1.30053425	-1.30053425	0.8452047	-0.8452047	0.4355547077	0.4355547077	0.93812055503	0.93812055503	0.7143709	0.4355547077
GSTP1	0.6440739	2.26014086	-2.26014086	1.4219114	-1.4219114	0.21277519	0.21277519	0.92623449899	0.92623449899	2.0218319	0.21277519
GTF2I	-3.3219281	0	0	0	0	1	1	1	1	0	1
H1-2	-1.8064686	-1.97427738	1.97427738	-1.4826591	1.4826591	0.1967006999	0.1967006999	0.92623449899	0.92623449899	2.1982781	0.1967006999
H1-5	-3.3219281	0	0	0	0	1	1	1	1	0	1
H2AC13	1.0216276	2.07652506	-2.07652506	1.3681009	-1.3681009	0.2280435424	0.2280435424	0.92623449899	0.92623449899	1.8717	0.2280435424
H2BC14	-1.1622902	2.20599252	-2.20599252	1.2622754	-1.2622754	0.2610795007	0.2610795007	0.92623449899	0.92623449899	1.5933392	0.2610795007
H3C15	-2.6139402	1.41597584	-1.41597584	1.0972529	-1.0972529	0.3212430579	0.3212430579	0.92623449899	0.92623449899	1.2039639	0.3212430579
H4C15	2.8140203	0.16250217	-0.16250217	0.2246752	-0.2246752	0.8308894638	0.8308894638	1	1	0.0504789	0.8308894638
HADHA	3.3585756	0.1586726	-0.1586726	0.2531144	-0.2531144	0.8099902575	0.8099902575	1	1	0.0640669	0.8099902575
HADHB	-0.0375661	1.6578426	-1.6578426	1.2274888	-1.2274888	0.2728565293	0.2728565293	0.92623449899	0.92623449899	1.5067287	0.2728565293
HBB	-1.5654016	-0.45641127	0.45641127	-0.2043712	0.2043712	0.8459084044	0.8459084044	1	1	0.0417676	0.8459084044
HDAC2	-2.3145291	2.01479804	-2.01479804	1.6844563	-1.6844563	0.1512988618	0.1512988618	0.92623449899	0.92623449899	2.837393	0.1512988618
HDGF	-2.9349401	-0.77397603	0.77397603	-1.0238318	1.0238318	0.3516506336	0.3516506336	0.92623449899	0.92623449899	1.0482315	0.3516506336
HLA-A	-2.2652864	0	0	0	0	1	1	1	1	0	1
HMGB1	2.4864212	0.91575097	-0.91575097	1.5372071	-1.5372071	0.1832628188	0.1832628188	0.92623449899	0.92623449899	2.3630058	0.1832628188
HMGCS1	-1.7460402	-2.09513407	2.09513407	-1.5559597	1.5559597	0.1788514332	0.1788514332	0.92623449899	0.92623449899	2.4210107	0.1788514332
HNRNPA0	-1.6286162	-0.41366937	0.41366937	-0.1921741	0.1921741	0.8549666962	0.8549666962	1	1	0.0369309	0.8549666962
HNRNPA1	0.4402562	-1.16881537	1.16881537	-0.4421506	0.4421506	0.676361954	0.676361954	0.98548706171	0.98548706171	0.1954972	0.676361954
HNRNPA2B1	0.3075518	-1.50605544	1.50605544	-0.5818232	0.5818232	0.5852653085	0.5852653085	0.97942924783	0.97942924783	0.3385182	0.5852653085
HNRNPA3	-0.2067505	-1.31947363	1.31947363	-0.5324355	0.5324355	0.6166247252	0.6166247252	0.97942924783	0.97942924783	0.2834875	0.6166247252
HNRNPAB	-0.7608744	-1.75917799	1.75917799	-0.751159	0.751159	0.4854988138	0.4854988138	0.95481205133	0.95481205133	0.5642398	0.4854988138
HNRNPC	0.2043293	-0.4163839	0.4163839	-0.1603787	0.1603787	0.8786945095	0.8786945095	1	1	0.0257213	0.8786945095
HNRNPD	-0.5403141	-3.4499447	3.4499447	-2.2437707	2.2437707	0.0733936297	0.0733936297	0.92623449899	0.92623449899	5.0345068	0.0733936297
HNRNPDL	-2.1727918	-2.29827259	2.29827259	-1.119455	1.119455	0.3125007227	0.3125007227	0.92623449899	0.92623449899	1.2531795	0.3125007227
HNRNPF	-0.8119599	-1.16569658	1.16569658	-0.5009321	0.5009321	0.6371263042	0.6371263042	0.97942924783	0.97942924783	0.2509329	0.6371263042
HNRNPH1	2.9507844	-0.38271398	0.38271398	-0.6243775	0.6243775	0.559040077	0.559040077	0.97405083038	0.97405083038	0.3898473	0.559040077
HNRNPH3	-1.2732078	-1.12448613	1.12448613	-0.526578	0.526578	0.6204078334	0.6204078334	0.97942924783	0.97942924783	0.2772844	0.6204078334
HNRNPK	3.5612707	-0.23415588	0.23415588	-0.36922	0.36922	0.7266837215	0.7266837215	1	1	0.1363234	0.7266837215
HNRNPL	-1.5517387	-1.42709537	1.42709537	-0.5939232	0.5939232	0.5777321544	0.5777321544	0.97405083038	0.97405083038	0.3527447	0.5777321544
HNRNPM	-1.0288215	-2.37159448	2.37159448	-1.1963547	1.1963547	0.2837984101	0.2837984101	0.92623449899	0.92623449899	1.4312647	0.2837984101
HNRNPR	0.4580876	-2.35084394	2.35084394	-1.5067888	1.5067888	0.1906432835	0.1906432835	0.92623449899	0.92623449899	2.2704126	0.1906432835
HNRNPU	2.3386875	0.86157833	-0.86157833	0.551959	-0.551959	0.6041119965	0.6041119965	0.97942924783	0.97942924783	0.3046588	0.6041119965
HNRNPUL2	-2.2652864	0	0	0	0	1	1	1	1	0	1
HPCAL1	-0.6024064	0.12085669	-0.12085669	0.0666766	-0.0666766	0.9493547049	0.9493547049	1	1	0.0044458	0.9493547049
HPCAL4	-2.7682734	1.10730936	-1.10730936	1.0758368	-1.0758368	0.329873479	0.329873479	0.92623449899	0.92623449899	1.1574248	0.329873479
HPRT1	2.0244569	0.09269531	-0.09269531	0.155257	-0.155257	0.8825308423	0.8825308423	1	1	0.0241047	0.8825308423
HSD17B10	3.7949593	0.33637307	-0.33637307	0.8434486	-0.8434486	0.4364507273	0.4364507273	0.93812055503	0.93812055503	0.7114056	0.4364507273
HSD17B12	-1.3992202	2.29746368	-2.29746368	2.1815786	-2.1815786	0.0794562829	0.0794562829	0.92623449899	0.92623449899	4.7592851	0.0794562829
HSD17B4	-1.1719094	-1.37182574	1.37182574	-0.7451642	0.7451642	0.4888170526	0.4888170526	0.95481205133	0.95481205133	0.5552697	0.4888170526
HSP90AB1	3.2201953	0.19519709	-0.19519709	0.4994096	-0.4994096	0.6381265958	0.6381265958	0.97942924783	0.97942924783	0.24941	0.6381265958
HSPA1A	4.2749106	0.19825942	-0.19825942	0.5235287	-0.5235287	0.622382474	0.622382474	0.97942924783	0.97942924783	0.2740823	0.622382474
HSPA5	5.5914519	0.01753342	-0.01753342	0.0462293	-0.0462293	0.964869645	0.964869645	1	1	0.0021371	0.964869645
HSPA8	6.0307322	-0.04329343	0.04329343	-0.1227891	0.1227891	0.9069301776	0.9069301776	1	1	0.0150772	0.9069301776
HSPA9	4.6249638	-0.01042794	0.01042794	-0.0208462	0.0208462	0.984153306	0.984153306	1	1	0.0004346	0.984153306
HSPB1	0.7757999	1.52691264	-1.52691264	0.9372675	-0.9372675	0.3905285323	0.3905285323	0.93187776157	0.93187776157	0.8784704	0.3905285323
HSPBP1	-2.6269406	-1.389975	1.389975	-1.0959438	1.0959438	0.3217650037	0.3217650037	0.92623449899	0.92623449899	1.2010928	0.3217650037
HSPD1	5.2223222	0.3171353	-0.3171353	0.8874431	-0.8874431	0.4144222858	0.4144222858	0.93723015951	0.93723015951	0.7875553	0.4144222858
HSPE1	1.3644325	1.21637585	-1.21637585	0.6643008	-0.6643008	0.5351288607	0.5351288607	0.96685142635	0.96685142635	0.4412955	0.5351288607
HSPH1	3.724707	-0.04944556	0.04944556	-0.1181465	0.1181465	0.9104292625	0.9104292625	1	1	0.0139586	0.9104292625
HUWE1	-1.9387268	1.21845061	-1.21845061	1.0478487	-1.0478487	0.3414481384	0.3414481384	0.92623449899	0.92623449899	1.097987	0.3414481384
HYOU1	2.6604061	-0.21552842	0.21552842	-0.1929432	0.1929432	0.8543947402	0.8543947402	1	1	0.0372271	0.8543947402
IARS1	-1.0695579	0.84350491	-0.84350491	0.5540349	-0.5540349	0.6027904092	0.6027904092	0.97942924783	0.97942924783	0.3069547	0.6027904092
IDH2	1.4563452	2.85302505	-2.85302505	1.7861013	-1.7861013	0.1325264214	0.1325264214	0.92623449899	0.92623449899	3.1901579	0.1325264214
IGLON5	-0.5958528	-3.06217566	3.06217566	-2.7563652	2.7563652	0.0388307852	0.0388307852	0.92623449899	0.92623449899	7.5975489	0.0388307852
ILF2	-0.1936734	0.17032064	-0.17032064	0.1011472	-0.1011472	0.9232602582	0.9232602582	1	1	0.0102308	0.9232602582
ILF3	-1.0838463	-0.81492828	0.81492828	-0.3259949	0.3259949	0.7572804661	0.7572804661	1	1	0.1062727	0.7572804661
IMPDH2	-0.5393402	2.73322411	-2.73322411	2.1028515	-2.1028515	0.0878999171	0.0878999171	0.92623449899	0.92623449899	4.4219845	0.0878999171
INA	0.8907006	-3.42006095	3.42006095	-2.7259687	2.7259687	0.0402847978	0.0402847978	0.92623449899	0.92623449899	7.4309051	0.0402847978
IPO5	4.0466804	-0.05736779	0.05736779	-0.1684804	0.1684804	0.8726336702	0.8726336702	1	1	0.0283857	0.8726336702
IPO7	-2.4066192	-1.8306177	1.8306177	-2.0417859	2.0417859	0.0950963367	0.0950963367	0.92623449899	0.92623449899	4.1688897	0.0950963367
IPO9	-2.6707797	-1.30229687	1.30229687	-1.0909795	1.0909795	0.3237509556	0.3237509556	0.92623449899	0.92623449899	1.1902363	0.3237509556
ISOC1	0.8103481	-1.84134509	1.84134509	-1.1570941	1.1570941	0.2981496811	0.2981496811	0.92623449899	0.92623449899	1.3388668	0.2981496811
ISYNA1	-1.4769079	1.47542158	-1.47542158	0.8544593	-0.8544593	0.4308555342	0.4308555342	0.93812055503	0.93812055503	0.7301007	0.4308555342
ITGA1	4.638357	0.77936815	-0.77936815	1.3293263	-1.3293263	0.2396729968	0.2396729968	0.92623449899	0.92623449899	1.7671083	0.2396729968
ITGA2	1.6374293	3.86750443	-3.86750443	2.4285862	-2.4285862	0.058116094	0.058116094	0.92623449899	0.92623449899	5.8980311	0.058116094
ITGAV	1.4666047	4.79045953	-4.79045953	2.2311398	-2.2311398	0.0745839627	0.0745839627	0.92623449899	0.92623449899	4.9779846	0.0745839627
ITGB1	5.1564376	0.64718661	-0.64718661	1.5854382	-1.5854382	0.1721249273	0.1721249273	0.92623449899	0.92623449899	2.5136144	0.1721249273
ITGB5	-0.4720642	1.37182574	-1.37182574	0.738628	-0.738628	0.492453207	0.492453207	0.95481205133	0.95481205133	0.5455714	0.492453207
JPT1	-2.3334719	1.97691245	-1.97691245	1.1145661	-1.1145661	0.3144079975	0.3144079975	0.92623449899	0.92623449899	1.2422576	0.3144079975
JPT2	-1.5572985	-1.41597584	1.41597584	-0.9463918	0.9463918	0.3862736372	0.3862736372	0.93187776157	0.93187776157	0.8956574	0.3862736372
K2M2_SHEEP	-1.8324884	-0.76426058	0.76426058	-0.3928559	0.3928559	0.7101878586	0.7101878586	1	1	0.1543358	0.7101878586
KARS1	-2.8540356	0.93578497	-0.93578497	1.0550351	-1.0550351	0.3384439969	0.3384439969	0.92623449899	0.92623449899	1.113099	0.3384439969
KCTD12	-2.6139402	1.41597584	-1.41597584	1.0972529	-1.0972529	0.3212430579	0.3212430579	0.92623449899	0.92623449899	1.2039639	0.3212430579
KHDRBS1	-2.3414876	-1.96088102	1.96088102	-1.1142596	1.1142596	0.3145278848	0.3145278848	0.92623449899	0.92623449899	1.2415745	0.3145278848
KHSRP	-0.5067811	-2.49666743	2.49666743	-1.3347627	1.3347627	0.238010006	0.238010006	0.92623449899	0.92623449899	1.7815915	0.238010006
KIF21A	-2.8540356	-0.93578497	0.93578497	-1.0550351	1.0550351	0.3384439969	0.3384439969	0.92623449899	0.92623449899	1.113099	0.3384439969
KIF5C	1.1193512	1.06706903	-1.06706903	0.5968995	-0.5968995	0.575888394	0.575888394	0.97405083038	0.97405083038	0.356289	0.575888394
KLC1	-2.4232085	-1.79743914	1.79743914	-1.7507616	1.7507616	0.1387721533	0.1387721533	0.92623449899	0.92623449899	3.0651662	0.1387721533
KPNA2	-2.117125	0.1949875	-0.1949875	0.126422	-0.126422	0.9041937832	0.9041937832	1	1	0.0159825	0.9041937832
KPNB1	5.2267504	-0.21093034	0.21093034	-0.5427771	0.5427771	0.6099780616	0.6099780616	0.97942924783	0.97942924783	0.294607	0.6099780616
KRT77	2.172413	-1.01074158	1.01074158	-0.3397428	0.3397428	0.7474912176	0.7474912176	1	1	0.1154252	0.7474912176
KTN1	-2.6139402	-1.41597584	1.41597584	-1.0972529	1.0972529	0.3212430579	0.3212430579	0.92623449899	0.92623449899	1.2039639	0.3212430579
L1CAM	3.5089564	0.01347626	-0.01347626	0.0276366	-0.0276366	0.978992821	0.978992821	1	1	0.0007638	0.978992821
LAMC1	-2.6269406	1.389975	-1.389975	1.0959438	-1.0959438	0.3217650037	0.3217650037	0.92623449899	0.92623449899	1.2010928	0.3217650037
LAMP1	-2.3718548	-1.90014657	1.90014657	-1.11303	1.11303	0.3150093285	0.3150093285	0.92623449899	0.92623449899	1.2388358	0.3150093285
LAMTOR1	-2.5294468	-0.52832083	0.52832083	-0.4840625	0.4840625	0.6482583834	0.6482583834	0.97942924783	0.97942924783	0.2343165	0.6482583834
LCE1C	0.7043441	0.61599897	-0.61599897	1.4638269	-1.4638269	0.20155591	0.20155591	0.92623449899	0.92623449899	2.1427893	0.20155591
LDAH	-1.6638669	3.31612241	-3.31612241	2.2040304	-2.2040304	0.0772085254	0.0772085254	0.92623449899	0.92623449899	4.8577499	0.0772085254
LDHB	4.2195242	-0.13585047	0.13585047	-0.2856723	0.2856723	0.7862823279	0.7862823279	1	1	0.0816087	0.7862823279
LETM1	-2.4811957	1.68146471	-1.68146471	1.1074954	-1.1074954	0.3171841858	0.3171841858	0.92623449899	0.92623449899	1.226546	0.3171841858
LGALS1	3.5053106	0.17866957	-0.17866957	0.4724994	-0.4724994	0.6559491554	0.6559491554	0.98172036546	0.98172036546	0.2232556	0.6559491554
LGALS7B	-1.9991551	-1.09759392	1.09759392	-0.6045098	0.6045098	0.5711906191	0.5711906191	0.97405083038	0.97405083038	0.3654321	0.5711906191
LMAN2	-3.3219281	0	0	0	0	1	1	1	1	0	1
LMNB1	-2.0856193	0.35933417	-0.35933417	0.2257346	-0.2257346	0.8301080168	0.8301080168	1	1	0.0509561	0.8301080168
LOR	-2.137174	-1.31286649	1.31286649	-0.7630858	0.7630858	0.4789447995	0.4789447995	0.95481205133	0.95481205133	0.5822999	0.4789447995
LRP1	-3.0577677	-0.52832083	0.52832083	-0.9302101	0.9302101	0.3938451858	0.3938451858	0.93187776157	0.93187776157	0.8652908	0.3938451858
LRPPRC	-0.1988291	3.0762729	-3.0762729	3.2942044	-3.2942044	0.020740007	0.020740007	0.92623449899	0.92623449899	10.8517829	0.020740007
LRRC4B	-2.0856193	-0.35933417	0.35933417	-0.2257346	0.2257346	0.8301080168	0.8301080168	1	1	0.0509561	0.8301080168
LRRC59	-0.9104059	1.65311934	-1.65311934	0.7941236	-0.7941236	0.4621878598	0.4621878598	0.94606195357	0.94606195357	0.6306323	0.4621878598
LSAMP	3.4360578	0.31161798	-0.31161798	0.4549497	-0.4549497	0.6677136067	0.6677136067	0.98548706171	0.98548706171	0.2069792	0.6677136067
LSS	1.6463888	0.07085099	-0.07085099	0.0827441	-0.0827441	0.9371803885	0.9371803885	1	1	0.0068466	0.9371803885
LUC7L2	-0.5036438	0.69133353	-0.69133353	0.5548459	-0.5548459	0.6022745639	0.6022745639	0.97942924783	0.97942924783	0.3078539	0.6022745639
LYZ	-1.7116317	-1.10730936	1.10730936	-0.8062267	0.8062267	0.4557710186	0.4557710186	0.94120760646	0.94120760646	0.6500014	0.4557710186
M6PR	-1.3693393	1.07322601	-1.07322601	0.5321102	-0.5321102	0.616834462	0.616834462	0.97942924783	0.97942924783	0.2831413	0.616834462
MAOA	-2.1269406	-0.27669167	0.27669167	-0.1802181	0.1802181	0.8638704027	0.8638704027	1	1	0.0324786	0.8638704027
MAP1B	1.2588157	-2.314624	2.314624	-1.407178	1.407178	0.2168573135	0.2168573135	0.92623449899	0.92623449899	1.9801499	0.2168573135
MAP4K4	-1.2072197	-1.34813137	1.34813137	-0.7475052	0.7475052	0.4875193658	0.4875193658	0.95481205133	0.95481205133	0.558764	0.4875193658
MARCKS	3.239143	0.00308467	-0.00308467	0.0068191	-0.0068191	0.9948159152	0.9948159152	1	1	4.65e-05	0.9948159152
MARCKSL1	2.0967026	-0.73912478	0.73912478	-1.2386351	1.2386351	0.2690319116	0.2690319116	0.92623449899	0.92623449899	1.5342168	0.2690319116
MARS1	-1.9232085	0.13077247	-0.13077247	0.0736083	-0.0736083	0.9441003981	0.9441003981	1	1	0.0054182	0.9441003981
MAT2A	1.8635159	-0.51671653	0.51671653	-0.7494374	0.7494374	0.4864500773	0.4864500773	0.95481205133	0.95481205133	0.5616565	0.4864500773
MAT2B	0.0692571	0.73115991	-0.73115991	0.4381001	-0.4381001	0.6791107116	0.6791107116	0.98548706171	0.98548706171	0.1919317	0.6791107116
MATR3	-2.0971401	-2.44957605	2.44957605	-1.1211347	1.1211347	0.3118477412	0.3118477412	0.92623449899	0.92623449899	1.256943	0.3118477412
MCAM	-1.6492325	-0.24948708	0.24948708	-0.1178288	0.1178288	0.9106687745	0.9106687745	1	1	0.0138836	0.9106687745
MCCC2	-2.9349401	-0.77397603	0.77397603	-1.0238318	1.0238318	0.3516506336	0.3516506336	0.92623449899	0.92623449899	1.0482315	0.3516506336
MDH1	0.0302368	1.04309434	-1.04309434	0.600302	-0.600302	0.5737850893	0.5737850893	0.97405083038	0.97405083038	0.3603625	0.5737850893
MDH2	1.7319618	1.51452362	-1.51452362	1.4620477	-1.4620477	0.2020204806	0.2020204806	0.92623449899	0.92623449899	2.1375836	0.2020204806
MGRN1	-2.6707797	-1.30229687	1.30229687	-1.0909795	1.0909795	0.3237509556	0.3237509556	0.92623449899	0.92623449899	1.1902363	0.3237509556
MIF	1.8779641	-0.05664167	0.05664167	-0.1175272	0.1175272	0.9108961815	0.9108961815	1	1	0.0138126	0.9108961815
MMAB	-0.9313277	0.26029424	-0.26029424	0.1575873	-0.1575873	0.8807849377	0.8807849377	1	1	0.0248337	0.8807849377
MPDU1	-2.1961135	-0.13834583	0.13834583	-0.0958091	0.0958091	0.9272950398	0.9272950398	1	1	0.0091794	0.9272950398
MPZL1	1.0560922	0.41388446	-0.41388446	0.2067042	-0.2067042	0.8441788088	0.8441788088	1	1	0.0427266	0.8441788088
MRC2	-0.5257189	3.4791351	-3.4791351	3.0040356	-3.0040356	0.0289289955	0.0289289955	0.92623449899	0.92623449899	9.02423	0.0289289955
MTPN	0.5982799	2.6312286	-2.6312286	2.0153209	-2.0153209	0.0984038782	0.0984038782	0.92623449899	0.92623449899	4.0615182	0.0984038782
MYEF2	-3.3219281	0	0	0	0	1	1	1	1	0	1
MYH9	5.396234	-0.04851003	0.04851003	-0.1215056	0.1215056	0.9078972935	0.9078972935	1	1	0.0147636	0.9078972935
MYL12B	-0.3938166	1.74293956	-1.74293956	1.2413102	-1.2413102	0.2681212083	0.2681212083	0.92623449899	0.92623449899	1.5408509	0.2681212083
MYL6	0.902506	-1.33038845	1.33038845	-0.7781968	0.7781968	0.4707325095	0.4707325095	0.95148881675	0.95148881675	0.6055903	0.4707325095
MYO1B	-1.5732859	-1.28266564	1.28266564	-0.8618331	0.8618331	0.4271391188	0.4271391188	0.93812055503	0.93812055503	0.7427562	0.4271391188
NACA	-1.5517387	-0.93578497	0.93578497	-0.5719322	0.5719322	0.5914675053	0.5914675053	0.97942924783	0.97942924783	0.3271065	0.5914675053
NACAD	-1.9811957	-0.29148971	0.29148971	-0.1701298	0.1701298	0.8714009665	0.8714009665	1	1	0.0289442	0.8714009665
NCAM1	2.6694946	0.77888179	-0.77888179	1.3651609	-1.3651609	0.2289065902	0.2289065902	0.92623449899	0.92623449899	1.8636643	0.2289065902
NCAM2	4.2337136	0.42427385	-0.42427385	0.7412121	-0.7412121	0.4910133698	0.4910133698	0.95481205133	0.95481205133	0.5493954	0.4910133698
NCL	0.470717	-0.5847289	0.5847289	-0.2392643	0.2392643	0.8201473406	0.8201473406	1	1	0.0572474	0.8201473406
NCSTN	2.8097575	0.18380681	-0.18380681	0.356596	-0.356596	0.7355637529	0.7355637529	1	1	0.1271607	0.7355637529
NECTIN1	-1.2392856	1.49861834	-1.49861834	0.8583236	-0.8583236	0.4289048357	0.4289048357	0.93812055503	0.93812055503	0.7367194	0.4289048357
NECTIN2	0.0643993	-0.77077818	0.77077818	-0.4218657	0.4218657	0.6901838193	0.6901838193	0.98856654381	0.98856654381	0.1779707	0.6901838193
NEFL	-2.5898752	-1.46410581	1.46410581	-1.0995055	1.0995055	0.3203465801	0.3203465801	0.92623449899	0.92623449899	1.2089124	0.3203465801
NEFM	0.106033	-3.72229576	3.72229576	-2.4429902	2.4429902	0.0570781912	0.0570781912	0.92623449899	0.92623449899	5.968201	0.0570781912
NFASC	-0.6387309	0.15720701	-0.15720701	0.0888585	-0.0888585	0.9325523715	0.9325523715	1	1	0.0078958	0.9325523715
NIPSNAP1	-1.7973939	0.93578497	-0.93578497	0.6228652	-0.6228652	0.55995913	0.55995913	0.97405083038	0.97405083038	0.3879611	0.55995913
NLGN2	-2.001126	1.5849625	-1.5849625	2.1573838	-2.1573838	0.0819562278	0.0819562278	0.92623449899	0.92623449899	4.6543047	0.0819562278
NME1-NME2	4.1555218	0.32660782	-0.32660782	0.6273029	-0.6273029	0.5572650035	0.5572650035	0.97405083038	0.97405083038	0.3935089	0.5572650035
NONO	-1.4264506	-0.65732854	0.65732854	-0.2714463	0.2714463	0.796611176	0.796611176	1	1	0.0736831	0.796611176
NOP56	-2.2743611	1.03849241	-1.03849241	0.6950327	-0.6950327	0.5171900439	0.5171900439	0.96266306829	0.96266306829	0.4830705	0.5171900439
NOTCH2	-2.5898752	1.46410581	-1.46410581	1.8605683	-1.8605683	0.1202808768	0.1202808768	0.92623449899	0.92623449899	3.4617145	0.1202808768
NPEPPS	2.5332621	0.09459766	-0.09459766	0.1386659	-0.1386659	0.8949825969	0.8949825969	1	1	0.0192282	0.8949825969
NPM1	2.0083713	0.02777613	-0.02777613	0.0430148	-0.0430148	0.9673105136	0.9673105136	1	1	0.0018503	0.9673105136
NPTN	1.6787106	-0.19178038	0.19178038	-0.269613	0.269613	0.7979457157	0.7979457157	1	1	0.0726912	0.7979457157
NRCAM	3.7835828	0.79688626	-0.79688626	1.2980584	-1.2980584	0.2494472717	0.2494472717	0.92623449899	0.92623449899	1.6849557	0.2494472717
NTRK2	-1.3152131	-0.87980343	0.87980343	-0.4884421	0.4884421	0.6453581968	0.6453581968	0.97942924783	0.97942924783	0.2385757	0.6453581968
NUCB1	-3.3219281	0	0	0	0	1	1	1	1	0	1
NUDC	0.3627783	-0.43549323	0.43549323	-0.1855168	0.1855168	0.8599215232	0.8599215232	1	1	0.0344165	0.8599215232
NUP43	-2.3497798	-1.94429667	1.94429667	-1.7049594	1.7049594	0.1473091405	0.1473091405	0.92623449899	0.92623449899	2.9068866	0.1473091405
NUP50	-0.6036554	0.22735795	-0.22735795	0.1315987	-0.1315987	0.9002971598	0.9002971598	1	1	0.0173182	0.9002971598
NUP54	-1.9885948	0	0	0	0	1	1	1	1	0	1
OLA1	-2.001126	-0.52832083	0.52832083	-0.3087267	0.3087267	0.769649019	0.769649019	1	1	0.0953122	0.769649019
OPA1	-1.8091255	-0.91232186	0.91232186	-0.6741238	0.6741238	0.5293503509	0.5293503509	0.96617026473	0.96617026473	0.4544429	0.5293503509
OSBPL8	-1.3022127	1.20747907	-1.20747907	0.6797047	-0.6797047	0.5260859581	0.5260859581	0.96617026473	0.96617026473	0.4619985	0.5260859581
P4HB	0.304981	1.81727281	-1.81727281	1.4550798	-1.4550798	0.2038497585	0.2038497585	0.92623449899	0.92623449899	2.1172572	0.2038497585
PA2G4	-2.9349401	0.77397603	-0.77397603	1.0238318	-1.0238318	0.3516506336	0.3516506336	0.92623449899	0.92623449899	1.0482315	0.3516506336
PABPC1	0.8096099	-1.29012157	1.29012157	-0.7888101	0.7888101	0.4650258482	0.4650258482	0.94908784217	0.94908784217	0.6222214	0.4650258482
PAFAH1B2	-3.3219281	0	0	0	0	1	1	1	1	0	1
PAICS	2.2096342	-0.46141562	0.46141562	-0.7273088	0.7273088	0.4987951928	0.4987951928	0.9560334062	0.9560334062	0.5289781	0.4987951928
PARK7	-0.7860691	5.07171792	-5.07171792	8.0546178	-8.0546178	0.0004185791	0.0004185791	0.05843363992	0.05843363992	64.876868	0.0004185791
PCBP1	2.4151135	-0.4904297	0.4904297	-1.0082788	1.0082788	0.3583918748	0.3583918748	0.93187776157	0.93187776157	1.0166261	0.3583918748
PCBP2	0.335793	-0.22799084	0.22799084	-0.0979886	0.0979886	0.9256473881	0.9256473881	1	1	0.0096018	0.9256473881
PCMT1	2.233157	0.13074824	-0.13074824	0.2099145	-0.2099145	0.8418003628	0.8418003628	1	1	0.0440641	0.8418003628
PDCD6	-1.4848668	-2.12617054	2.12617054	-1.4208542	1.4208542	0.2130656701	0.2130656701	0.92623449899	0.92623449899	2.0188266	0.2130656701
PDCD6IP	-0.6710538	2.46979698	-2.46979698	1.6701938	-1.6701938	0.1541374481	0.1541374481	0.92623449899	0.92623449899	2.7895474	0.1541374481
PDIA3	4.258042	0.41038806	-0.41038806	0.886444	-0.886444	0.4149128346	0.4149128346	0.93723015951	0.93723015951	0.785783	0.4149128346
PDIA6	1.2577112	0.77874235	-0.77874235	1.1873843	-1.1873843	0.2870225783	0.2870225783	0.92623449899	0.92623449899	1.4098815	0.2870225783
PEBP1	-1.6492325	3.3453912	-3.3453912	2.1970454	-2.1970454	0.0779005233	0.0779005233	0.92623449899	0.92623449899	4.8270083	0.0779005233
PFAS	2.6091954	-0.32144805	0.32144805	-0.8865733	0.8865733	0.4148493143	0.4148493143	0.93723015951	0.93723015951	0.7860123	0.4148493143
PFDN2	-0.9831677	3.62087912	-3.62087912	4.1597367	-4.1597367	0.0083128435	0.0083128435	0.44633575051	0.44633575051	17.3034093	0.0083128435
PFKM	-1.3850721	1.26911831	-1.26911831	0.9379353	-0.9379353	0.3902158899	0.3902158899	0.93187776157	0.93187776157	0.8797226	0.3902158899
PFKP	-2.0856193	-0.35933417	0.35933417	-0.2257346	0.2257346	0.8301080168	0.8301080168	1	1	0.0509561	0.8301080168
PFN1	3.7738701	0.18830732	-0.18830732	0.5175933	-0.5175933	0.6262363692	0.6262363692	0.97942924783	0.97942924783	0.2679029	0.6262363692
PFN2	2.3033723	0.39453331	-0.39453331	1.1488976	-1.1488976	0.3012249801	0.3012249801	0.92623449899	0.92623449899	1.3199657	0.3012249801
PGAM1	2.5021569	-0.01147783	0.01147783	-0.0300718	0.0300718	0.9771423595	0.9771423595	1	1	0.0009043	0.9771423595
PGD	-1.9319531	-2.77995	2.77995	-2.0340442	2.0340442	0.0960517165	0.0960517165	0.92623449899	0.92623449899	4.1373358	0.0960517165
PGK1	2.9737636	0.35971648	-0.35971648	0.5712781	-0.5712781	0.5918790737	0.5918790737	0.97942924783	0.97942924783	0.3263587	0.5918790737
PGLS	-1.4528749	-1.62482304	1.62482304	-1.0440085	1.0440085	0.3430626512	0.3430626512	0.92623449899	0.92623449899	1.0899538	0.3430626512
PGRMC1	-2.2652864	0	0	0	0	1	1	1	1	0	1
PGRMC2	-1.4364476	-2.71431932	2.71431932	-1.6960191	1.6960191	0.1490357963	0.1490357963	0.92623449899	0.92623449899	2.8764806	0.1490357963
PHB	1.1627453	1.19958943	-1.19958943	0.6186391	-0.6186391	0.5625325368	0.5625325368	0.97405083038	0.97405083038	0.3827144	0.5625325368
PHB2	0.6713309	1.00202058	-1.00202058	0.5638789	-0.5638789	0.5965466079	0.5965466079	0.97942924783	0.97942924783	0.3179594	0.5965466079
PHGDH	3.6804772	0.20598623	-0.20598623	0.5369836	-0.5369836	0.6136964854	0.6136964854	0.97942924783	0.97942924783	0.2883513	0.6136964854
PIN1	-1.8257148	2.99242664	-2.99242664	2.0854786	-2.0854786	0.0898873019	0.0898873019	0.92623449899	0.92623449899	4.3492208	0.0898873019
PIP	1.9132444	-0.66680616	0.66680616	-0.8995172	0.8995172	0.4085294756	0.4085294756	0.93723015951	0.93723015951	0.8091312	0.4085294756
PKM	4.0138803	0.23074103	-0.23074103	0.414269	-0.414269	0.6953956633	0.6953956633	0.98856654381	0.98856654381	0.1716188	0.6953956633
PLD3	-0.8397349	-0.07710852	0.07710852	-0.0461586	0.0461586	0.9649233395	0.9649233395	1	1	0.0021306	0.9649233395
PLXNA2	-0.3744243	1.79517609	-1.79517609	0.7180226	-0.7180226	0.5040405351	0.5040405351	0.9560334062	0.9560334062	0.5155564	0.5040405351
PLXNB2	0.9143219	-1.36464802	1.36464802	-0.8191085	0.8191085	0.449013842	0.449013842	0.93812055503	0.93812055503	0.6709387	0.449013842
PMPCA	-2.6139402	-1.41597584	1.41597584	-1.0972529	1.0972529	0.3212430579	0.3212430579	0.92623449899	0.92623449899	1.2039639	0.3212430579
PMPCB	0.8672159	-1.22407522	1.22407522	-0.7185451	0.7185451	0.5037443551	0.5037443551	0.9560334062	0.9560334062	0.5163071	0.5037443551
PPAT	-0.3820851	-1.40352233	1.40352233	-1.1765443	1.1765443	0.2909619241	0.2909619241	0.92623449899	0.92623449899	1.3842564	0.2909619241
PPIA	4.1680391	-0.19158089	0.19158089	-0.5743397	0.5743397	0.5899541964	0.5899541964	0.97942924783	0.97942924783	0.3298661	0.5899541964
PPIB	2.3276996	0.54672207	-0.54672207	1.0369613	-1.0369613	0.3460420702	0.3460420702	0.92623449899	0.92623449899	1.0752888	0.3460420702
PPM1A	-1.5888041	-3.4662479	3.4662479	-4.649771	4.649771	0.005204371	0.005204371	0.33024099533	0.33024099533	21.6203699	0.005204371
PPM1G	-2.2652864	0	0	0	0	1	1	1	1	0	1
PPME1	-0.2597839	0.06597979	-0.06597979	0.0337098	-0.0337098	0.9743783296	0.9743783296	1	1	0.0011363	0.9743783296
PPP1CA	-1.6732975	0.46530956	-0.46530956	0.299202	-0.299202	0.7765046541	0.7765046541	1	1	0.0895218	0.7765046541
PPP2CB	-2.1269406	-2.389975	2.389975	-2.1282412	2.1282412	0.0850780575	0.0850780575	0.92623449899	0.92623449899	4.5294105	0.0850780575
PPP2R1A	2.9299238	0.03265248	-0.03265248	0.0634294	-0.0634294	0.9518171338	0.9518171338	1	1	0.0040233	0.9518171338
PPP2R2A	-2.3497798	-1.94429667	1.94429667	-1.7049594	1.7049594	0.1473091405	0.1473091405	0.92623449899	0.92623449899	2.9068866	0.1473091405
PRAF2	-2.6139402	1.41597584	-1.41597584	1.0972529	-1.0972529	0.3212430579	0.3212430579	0.92623449899	0.92623449899	1.2039639	0.3212430579
PRDX1	4.5520968	-0.06095554	0.06095554	-0.1700294	0.1700294	0.8714760474	0.8714760474	1	1	0.02891	0.8714760474
PRDX2	4.129683	-0.10998965	0.10998965	-0.2653298	0.2653298	0.8010666894	0.8010666894	1	1	0.0703999	0.8010666894
PRDX3	2.6378072	0.45853303	-0.45853303	1.0339189	-1.0339189	0.3473350429	0.3473350429	0.92623449899	0.92623449899	1.0689882	0.3473350429
PRDX4	3.7473076	0.16605373	-0.16605373	0.3389721	-0.3389721	0.7480386592	0.7480386592	1	1	0.1149021	0.7480386592
PRDX5	0.6857203	0.94251093	-0.94251093	0.5501527	-0.5501527	0.6052633914	0.6052633914	0.97942924783	0.97942924783	0.302668	0.6052633914
PRDX6	1.6611695	1.42608189	-1.42608189	2.1024134	-2.1024134	0.0879494679	0.0879494679	0.92623449899	0.92623449899	4.420142	0.0879494679
PRKACA	-2.7244343	1.1949875	-1.1949875	1.0834842	-1.0834842	0.3267692643	0.3267692643	0.92623449899	0.92623449899	1.173938	0.3267692643
PRKCA	2.0592024	-0.55216127	0.55216127	-0.8986839	0.8986839	0.4089340558	0.4089340558	0.93723015951	0.93723015951	0.8076328	0.4089340558
PRKDC	-1.9319531	0.66666667	-0.66666667	0.3678474	-0.3678474	0.7276469652	0.7276469652	1	1	0.1353117	0.7276469652
PRXL2A	-0.3962332	2.68146471	-2.68146471	2.6755328	-2.6755328	0.0428311533	0.0428311533	0.92623449899	0.92623449899	7.1584757	0.0428311533
PSMA7	-0.4313277	1.26029424	-1.26029424	1.0566382	-1.0566382	0.3377768588	0.3377768588	0.92623449899	0.92623449899	1.1164843	0.3377768588
PSMB5	-1.6219827	1.00991578	-1.00991578	0.6767685	-0.6767685	0.5278017568	0.5278017568	0.96617026473	0.96617026473	0.4580156	0.5278017568
PSMB6	-1.2608744	-1.45544074	1.45544074	-0.837367	0.837367	0.4395646726	0.4395646726	0.93812055503	0.93812055503	0.7011835	0.4395646726
PSMC1	-2.0196312	2.60459373	-2.60459373	6.3625374	-6.3625374	0.0012782809	0.0012782809	0.11153000681	0.11153000681	40.481882	0.0012782809
PSMC3	-0.5070662	2.70151212	-2.70151212	1.7314814	-1.7314814	0.1423036161	0.1423036161	0.92623449899	0.92623449899	2.998028	0.1423036161
PSMC5	-1.6027365	-1.56681324	1.56681324	-1.0475163	1.0475163	0.341587659	0.341587659	0.92623449899	0.92623449899	1.0972904	0.341587659
PSMC6	-2.5294468	1.5849625	-1.5849625	1.8217966	-1.8217966	0.1265060298	0.1265060298	0.92623449899	0.92623449899	3.318943	0.1265060298
PSMD1	-1.7973939	0.93578497	-0.93578497	0.7064358	-0.7064358	0.5106387593	0.5106387593	0.95646068349	0.95646068349	0.4990515	0.5106387593
PSMD11	-1.8782984	0.77397603	-0.77397603	0.5984738	-0.5984738	0.5749146271	0.5749146271	0.97405083038	0.97405083038	0.3581709	0.5749146271
PSMD2	-2.5898752	1.46410581	-1.46410581	1.0995055	-1.0995055	0.3203465801	0.3203465801	0.92623449899	0.92623449899	1.2089124	0.3203465801
PSMD6	-2.1424588	1.30229687	-1.30229687	1.1318187	-1.1318187	0.3077219098	0.3077219098	0.92623449899	0.92623449899	1.2810136	0.3077219098
PSMD7	-2.2269522	0.64199981	-0.64199981	0.4397484	-0.4397484	0.6779914984	0.6779914984	0.98548706171	0.98548706171	0.1933786	0.6779914984
PSME1	1.63466	-0.11664749	0.11664749	-0.2565351	0.2565351	0.8074880629	0.8074880629	1	1	0.0658102	0.8074880629
PTBP1	-2.6873689	-1.26911831	1.26911831	-1.0888481	1.0888481	0.3246068071	0.3246068071	0.92623449899	0.92623449899	1.1855903	0.3246068071
PTGFRN	0.800753	1.07710852	-1.07710852	0.5030811	-0.5030811	0.6357157734	0.6357157734	0.97942924783	0.97942924783	0.2530906	0.6357157734
PTK7	0.996337	1.83511439	-1.83511439	1.1375377	-1.1375377	0.3055329175	0.3055329175	0.92623449899	0.92623449899	1.2939921	0.3055329175
PUF60	-1.9848668	-0.45950387	0.45950387	-0.2666621	0.2666621	0.8000954383	0.8000954383	1	1	0.0711087	0.8000954383
PVR	2.1315873	-0.19082498	0.19082498	-0.1744913	0.1744913	0.868143323	0.868143323	1	1	0.0304472	0.868143323
PYCR1	-2.1590481	1.26911831	-1.26911831	1.1256311	-1.1256311	0.3101055716	0.3101055716	0.92623449899	0.92623449899	1.2670454	0.3101055716
RAB14	2.2768297	0.45301556	-0.45301556	1.1759402	-1.1759402	0.2911828235	0.2911828235	0.92623449899	0.92623449899	1.3828355	0.2911828235
RAB27B	-2.4066192	0.77397603	-0.77397603	0.6039928	-0.6039928	0.5715089668	0.5715089668	0.97405083038	0.97405083038	0.3648073	0.5715089668
RAB2B	-0.3942623	1.15906877	-1.15906877	0.5418295	-0.5418295	0.610585393	0.610585393	0.97942924783	0.97942924783	0.2935792	0.610585393
RAB5C	2.3238186	-0.18911148	0.18911148	-0.2413326	0.2413326	0.8186279444	0.8186279444	1	1	0.0582414	0.8186279444
RAB7A	1.3257172	-0.28089034	0.28089034	-0.4401622	0.4401622	0.6777106128	0.6777106128	0.98548706171	0.98548706171	0.1937428	0.6777106128
RAC1	-1.5449651	0.9493323	-0.9493323	0.6099798	-0.6099798	0.5678288385	0.5678288385	0.97405083038	0.97405083038	0.3720754	0.5678288385
RACK1	-0.2478911	-0.18249593	0.18249593	-0.0928548	0.0928548	0.9295291494	0.9295291494	1	1	0.008622	0.9295291494
RALY	-2.2399526	2.16395103	-2.16395103	1.6444261	-1.6444261	0.1594004401	0.1594004401	0.92623449899	0.92623449899	2.704137	0.1594004401
RAN	-1.1177269	-1.35176081	1.35176081	-0.8755792	0.8755792	0.4202765615	0.4202765615	0.93723015951	0.93723015951	0.7666389	0.4202765615
RANBP1	-3.0577677	0.52832083	-0.52832083	0.9302101	-0.9302101	0.3938451858	0.3938451858	0.93187776157	0.93187776157	0.8652908	0.3938451858
RARS1	-0.9769219	0.70515907	-0.70515907	0.3940699	-0.3940699	0.7093453429	0.7093453429	1	1	0.1552911	0.7093453429
RBBP4	-1.2993099	-2.49728437	2.49728437	-1.4169747	1.4169747	0.2141348276	0.2141348276	0.92623449899	0.92623449899	2.0078173	0.2141348276
RBBP7	-2.3672747	-1.90930682	1.90930682	-1.1132227	1.1132227	0.3149338257	0.3149338257	0.92623449899	0.92623449899	1.2392648	0.3149338257
RBM14	-2.2028872	-0.69012978	0.69012978	-0.4611917	0.4611917	0.6635166651	0.6635166651	0.9833007054	0.9833007054	0.2126978	0.6635166651
RBM3	-2.0942077	0.90748867	-0.90748867	0.545142	-0.545142	0.6084640559	0.6084640559	0.97942924783	0.97942924783	0.2971798	0.6084640559
RBM39	-2.5577677	1.52832083	-1.52832083	1.1022042	-1.1022042	0.319275427	0.319275427	0.92623449899	0.92623449899	1.2148541	0.319275427
RBM4	-1.7973939	-3.04906831	3.04906831	-2.199216	2.199216	0.0776847791	0.0776847791	0.92623449899	0.92623449899	4.836551	0.0776847791
RBMX	-1.1862979	-2.72330833	2.72330833	-1.3502035	1.3502035	0.2333447589	0.2333447589	0.92623449899	0.92623449899	1.8230495	0.2333447589
RBP1	-0.9097389	0.83952503	-0.83952503	0.4889205	-0.4889205	0.6450418001	0.6450418001	0.97942924783	0.97942924783	0.2390433	0.6450418001
REEP5	-1.6862979	0	0	0	0	1	1	1	1	0	1
RET	2.4762817	1.12267422	-1.12267422	1.6117291	-1.6117291	0.1663348568	0.1663348568	0.92623449899	0.92623449899	2.5976705	0.1663348568
RHOA	-2.7936073	1.05664167	-1.05664167	1.0706184	-1.0706184	0.3320060324	0.3320060324	0.92623449899	0.92623449899	1.1462239	0.3320060324
RNPEP	0.0181577	2.00601999	-2.00601999	1.3753303	-1.3753303	0.2259341489	0.2259341489	0.92623449899	0.92623449899	1.8915336	0.2259341489
RPL10	-0.3307314	-1.26451637	1.26451637	-0.8870637	0.8870637	0.414608504	0.414608504	0.93723015951	0.93723015951	0.7868821	0.414608504
RPL10A	-1.0695579	2.39145697	-2.39145697	2.0628692	-2.0628692	0.0925444727	0.0925444727	0.92623449899	0.92623449899	4.2554292	0.0925444727
RPL11	-0.293666	1.82995758	-1.82995758	1.7441171	-1.7441171	0.139979155	0.139979155	0.92623449899	0.92623449899	3.0419444	0.139979155
RPL12	0.0965068	-2.05691988	2.05691988	-1.8216801	1.8216801	0.126525227	0.126525227	0.92623449899	0.92623449899	3.3185184	0.126525227
RPL13	2.015905	0.58615555	-0.58615555	1.6537954	-1.6537954	0.1574665055	0.1574665055	0.92623449899	0.92623449899	2.7350393	0.1574665055
RPL14	-0.1833728	1.20555712	-1.20555712	0.5590581	-0.5590581	0.5995994949	0.5995994949	0.97942924783	0.97942924783	0.3125459	0.5995994949
RPL15	-1.979381	-0.14685753	0.14685753	-0.0859649	0.0859649	0.9347421792	0.9347421792	1	1	0.00739	0.9347421792
RPL17	-2.0362205	2.57141517	-2.57141517	1.8170307	-1.8170307	0.1272935308	0.1272935308	0.92623449899	0.92623449899	3.3016007	0.1272935308
RPL18	1.3243428	-1.49224873	1.49224873	-0.8309065	0.8309065	0.4428908825	0.4428908825	0.93812055503	0.93812055503	0.6904056	0.4428908825
RPL18A	-2.1515335	2.34078927	-2.34078927	1.8875215	-1.8875215	0.1161382795	0.1161382795	0.92623449899	0.92623449899	3.5627373	0.1161382795
RPL19	-2.0602855	-2.5232852	2.5232852	-2.1330181	2.1330181	0.084557875	0.084557875	0.92623449899	0.92623449899	4.5497662	0.084557875
RPL21	-0.5922349	1.86450817	-1.86450817	0.8146355	-0.8146355	0.4513516569	0.4513516569	0.93812055503	0.93812055503	0.663631	0.4513516569
RPL23	1.2760074	1.87197628	-1.87197628	1.124911	-1.124911	0.3103840293	0.3103840293	0.92623449899	0.92623449899	1.2654247	0.3103840293
RPL23A	0.7742755	-1.60194302	1.60194302	-1.0465751	1.0465751	0.3419828878	0.3419828878	0.92623449899	0.92623449899	1.0953195	0.3419828878
RPL24	-0.0443397	0.40263095	-0.40263095	0.1939812	-0.1939812	0.8536229656	0.8536229656	1	1	0.0376287	0.8536229656
RPL27	0.5371495	1.29132532	-1.29132532	0.8199627	-0.8199627	0.4485684137	0.4485684137	0.93812055503	0.93812055503	0.6723388	0.4485684137
RPL27A	-2.4066192	0.77397603	-0.77397603	0.6039928	-0.6039928	0.5715089668	0.5715089668	0.97405083038	0.97405083038	0.3648073	0.5715089668
RPL28	-0.8369772	-0.02466686	0.02466686	-0.0153283	0.0153283	0.9883473888	0.9883473888	1	1	0.000235	0.9883473888
RPL3	-0.0749786	-2.30363084	2.30363084	-1.8176609	1.8176609	0.1271891214	0.1271891214	0.92623449899	0.92623449899	3.3038911	0.1271891214
RPL30	-0.6396574	1.37968801	-1.37968801	0.7265355	-0.7265355	0.4992305082	0.4992305082	0.9560334062	0.9560334062	0.5278539	0.4992305082
RPL31	0.2646005	-1.92614741	1.92614741	-1.5162935	1.5162935	0.188306857	0.188306857	0.92623449899	0.92623449899	2.2991461	0.188306857
RPL32	-0.9906434	0.28266564	-0.28266564	0.1772473	-0.1772473	0.8660863764	0.8660863764	1	1	0.0314166	0.8660863764
RPL35	-2.160964	-0.77397603	0.77397603	-0.7598467	0.7598467	0.48071847	0.48071847	0.95481205133	0.95481205133	0.577367	0.48071847
RPL36	-0.6198834	-0.18216278	0.18216278	-0.1010927	0.1010927	0.9233014605	0.9233014605	1	1	0.0102197	0.9233014605
RPL4	0.6800566	0.05830899	-0.05830899	0.0229809	-0.0229809	0.9825308678	0.9825308678	1	1	0.0005281	0.9825308678
RPL5	-1.1053934	1.82847561	-1.82847561	0.9834122	-0.9834122	0.3693909385	0.3693909385	0.93187776157	0.93187776157	0.9670995	0.3693909385
RPL6	2.1364551	0.50695974	-0.50695974	0.69234	-0.69234	0.5187454012	0.5187454012	0.96299013316	0.96299013316	0.4793347	0.5187454012
RPL7	0.0182593	3.54674831	-3.54674831	2.4092091	-2.4092091	0.0595445953	0.0595445953	0.92623449899	0.92623449899	5.8042887	0.0595445953
RPL7A	2.3749925	-0.79018719	0.79018719	-0.814184	0.814184	0.4515881182	0.4515881182	0.93812055503	0.93812055503	0.6628957	0.4515881182
RPL8	0.1328286	-1.17129313	1.17129313	-0.8326909	0.8326909	0.4419702904	0.4419702904	0.93812055503	0.93812055503	0.6933742	0.4419702904
RPLP0	0.408203	-0.41559194	0.41559194	-0.2169502	0.2169502	0.8365945184	0.8365945184	1	1	0.0470674	0.8365945184
RPLP2	2.2767306	-0.21408622	0.21408622	-0.4044298	0.4044298	0.7021742356	0.7021742356	0.99617401722	0.99617401722	0.1635634	0.7021742356
RPN1	0.6725219	-0.74662528	0.74662528	-0.543065	0.543065	0.6097936377	0.6097936377	0.97942924783	0.97942924783	0.2949196	0.6097936377
RPS10	-1.955316	0.1949875	-0.1949875	0.1120861	-0.1120861	0.9150003005	0.9150003005	1	1	0.0125633	0.9150003005
RPS11	0.4951668	0.63163932	-0.63163932	0.2612517	-0.2612517	0.8040420782	0.8040420782	1	1	0.0682525	0.8040420782
RPS12	3.9954799	0.24721935	-0.24721935	0.4395405	-0.4395405	0.6781325901	0.6781325901	0.98548706171	0.98548706171	0.1931959	0.6781325901
RPS13	-1.6053934	1.21845061	-1.21845061	0.8333429	-0.8333429	0.4416342654	0.4416342654	0.93812055503	0.93812055503	0.6944604	0.4416342654
RPS14	2.602343	0.42934216	-0.42934216	1.1153747	-1.1153747	0.3140918292	0.3140918292	0.92623449899	0.92623449899	1.2440608	0.3140918292
RPS15A	-1.3665669	1.79743914	-1.79743914	1.1230382	-1.1230382	0.3111091926	0.3111091926	0.92623449899	0.92623449899	1.2612148	0.3111091926
RPS16	2.2417028	0.81926783	-0.81926783	1.0627681	-1.0627681	0.3352361832	0.3352361832	0.92623449899	0.92623449899	1.1294761	0.3352361832
RPS17	0.7694193	0.67424003	-0.67424003	0.6402557	-0.6402557	0.549448793	0.549448793	0.97338897842	0.97338897842	0.4099274	0.549448793
RPS18	3.1320874	-0.16018849	0.16018849	-0.374001	0.374001	0.7233331786	0.7233331786	1	1	0.1398767	0.7233331786
RPS19	-0.1152678	0.70515907	-0.70515907	0.3333514	-0.3333514	0.7520357662	0.7520357662	1	1	0.1111231	0.7520357662
RPS2	1.1664342	-0.43741518	0.43741518	-0.1962052	0.1962052	0.8519700872	0.8519700872	1	1	0.0384965	0.8519700872
RPS20	0.1321426	-2.15528596	2.15528596	-1.8863473	1.8863473	0.1163156631	0.1163156631	0.92623449899	0.92623449899	3.5583062	0.1163156631
RPS21	-1.3246437	0.23199794	-0.23199794	0.1765232	-0.1765232	0.8666266761	0.8666266761	1	1	0.0311604	0.8666266761
RPS23	0.7641258	2.14251169	-2.14251169	1.5463039	-1.5463039	0.1811098649	0.1811098649	0.92623449899	0.92623449899	2.3910557	0.1811098649
RPS24	-2.2399526	-0.0506677	0.0506677	-0.0364902	0.0364902	0.9722660719	0.9722660719	1	1	0.0013315	0.9722660719
RPS25	0.1797123	1.78135408	-1.78135408	1.3106062	-1.3106062	0.2454816902	0.2454816902	0.92623449899	0.92623449899	1.7176886	0.2454816902
RPS26	-0.2224976	-0.13702287	0.13702287	-0.0696296	0.0696296	0.9471159338	0.9471159338	1	1	0.0048483	0.9471159338
RPS27	-0.8466366	-3.89394135	3.89394135	-6.0440863	6.0440863	0.0016203167	0.0016203167	0.12566455951	0.12566455951	36.530979	0.0016203167
RPS27A	2.5380623	-0.0030926	0.0030926	-0.0063661	0.0063661	0.9951603122	0.9951603122	1	1	4.05e-05	0.9951603122
RPS28	-1.9848668	1.12617054	-1.12617054	0.6125075	-0.6125075	0.5662796264	0.5662796264	0.97405083038	0.97405083038	0.3751654	0.5662796264
RPS29	-0.5534144	0.69250312	-0.69250312	0.3805868	-0.3805868	0.7187291439	0.7187291439	1	1	0.1448463	0.7187291439
RPS3	2.177651	-1.52132764	1.52132764	-0.7136779	0.7136779	0.5065076934	0.5065076934	0.95646068349	0.95646068349	0.5093362	0.5065076934
RPS3A	1.9276019	-1.36630092	1.36630092	-1.2868656	1.2868656	0.253034008	0.253034008	0.92623449899	0.92623449899	1.6560232	0.253034008
RPS4X	2.905368	0.27518651	-0.27518651	0.3982173	-0.3982173	0.706470399	0.706470399	1	1	0.158577	0.706470399
RPS5	0.9676711	0.35933417	-0.35933417	0.3051496	-0.3051496	0.7722210343	0.7722210343	1	1	0.0931163	0.7722210343
RPS6	-0.3756415	-0.5743866	0.5743866	-0.3043221	0.3043221	0.7728164562	0.7728164562	1	1	0.0926119	0.7728164562
RPS7	1.0641409	-1.35605717	1.35605717	-0.7956037	0.7956037	0.4613995958	0.4613995958	0.94606195357	0.94606195357	0.6329853	0.4613995958
RPS8	1.5810366	2.0557613	-2.0557613	1.164692	-1.164692	0.2953235515	0.2953235515	0.92623449899	0.92623449899	1.3565075	0.2953235515
RPS9	1.4568315	0.42983554	-0.42983554	0.4669477	-0.4669477	0.6596588495	0.6596588495	0.98172036546	0.98172036546	0.2180401	0.6596588495
RPSA	1.928434	1.59991391	-1.59991391	2.1236836	-2.1236836	0.0855774968	0.0855774968	0.92623449899	0.92623449899	4.5100319	0.0855774968
RSL1D1	-2.7936073	-1.05664167	1.05664167	-1.0706184	1.0706184	0.3320060324	0.3320060324	0.92623449899	0.92623449899	1.1462239	0.3320060324
RTN1	1.3929971	-1.79296564	1.79296564	-0.9912821	0.9912821	0.3658803949	0.3658803949	0.93187776157	0.93187776157	0.9826401	0.3658803949
RTN3	1.1859591	0.96189597	-0.96189597	1.7843951	-1.7843951	0.1328213582	0.1328213582	0.92623449899	0.92623449899	3.1840657	0.1328213582
RTN4	2.233898	0.74352638	-0.74352638	0.9146891	-0.9146891	0.4012179164	0.4012179164	0.93723015951	0.93723015951	0.8366561	0.4012179164
RUFY3	-0.0728167	0.88632103	-0.88632103	0.6617836	-0.6617836	0.5366163201	0.5366163201	0.96685142635	0.96685142635	0.4379575	0.5366163201
RUVBL1	-1.1350598	-0.71250117	0.71250117	-0.483722	0.483722	0.6484841128	0.6484841128	0.97942924783	0.97942924783	0.233987	0.6484841128
RUVBL2	-1.6677927	1.1949875	-1.1949875	0.8511065	-0.8511065	0.4325534824	0.4325534824	0.93812055503	0.93812055503	0.7243823	0.4325534824
S100A7	2.7574261	-0.68919806	0.68919806	-1.2003255	1.2003255	0.2823815123	0.2823815123	0.92623449899	0.92623449899	1.4407813	0.2823815123
S100A8	3.0840964	-0.32240575	0.32240575	-0.5072789	0.5072789	0.6329655636	0.6329655636	0.97942924783	0.97942924783	0.2573319	0.6329655636
S100A9	3.3446307	-0.1044053	0.1044053	-0.2106585	0.2106585	0.8412494605	0.8412494605	1	1	0.044377	0.8412494605
SARM1	-2.7936073	-1.05664167	1.05664167	-1.0706184	1.0706184	0.3320060324	0.3320060324	0.92623449899	0.92623449899	1.1462239	0.3320060324
SBSN	2.8478255	-0.15977283	0.15977283	-0.2105844	0.2105844	0.8413042747	0.8413042747	1	1	0.0443458	0.8413042747
SCAMP3	0.9513874	-2.07046721	2.07046721	-1.3951795	1.3951795	0.2202360529	0.2202360529	0.92623449899	0.92623449899	1.9465258	0.2202360529
SCARB2	-2.0856193	2.4726175	-2.4726175	2.1125611	-2.1125611	0.0868093241	0.0868093241	0.92623449899	0.92623449899	4.4629146	0.0868093241
SCCPDH	-0.164808	0.3180046	-0.3180046	0.1570047	-0.1570047	0.8812213499	0.8812213499	1	1	0.0246505	0.8812213499
SEC22B	-1.2768789	1.25814677	-1.25814677	0.7055996	-0.7055996	0.511117242	0.511117242	0.95646068349	0.95646068349	0.4978708	0.511117242
SEC23B	-1.1615659	1.48877267	-1.48877267	1.1188422	-1.1188422	0.3127392483	0.3127392483	0.92623449899	0.92623449899	1.2518078	0.3127392483
SEPTIN2	-2.504113	1.6356302	-1.6356302	1.8047376	-1.8047376	0.1293478549	0.1293478549	0.92623449899	0.92623449899	3.2570777	0.1293478549
SEPTIN6	-1.4913104	0	0	0	0	1	1	1	1	0	1
SEPTIN7	-0.5728167	2.05160604	-2.05160604	2.0302796	-2.0302796	0.0965199018	0.0965199018	0.92623449899	0.92623449899	4.1220354	0.0965199018
SEPTIN9	-1.6677927	0.91829583	-0.91829583	0.6359506	-0.6359506	0.5520387563	0.5520387563	0.97405083038	0.97405083038	0.4044332	0.5520387563
SERBP1	-0.953559	-1.60311176	1.60311176	-1.1292425	1.1292425	0.3087124349	0.3087124349	0.92623449899	0.92623449899	1.2751885	0.3087124349
SERPINB12	-0.22625	-0.04847681	0.04847681	-0.0217655	0.0217655	0.9834545809	0.9834545809	1	1	0.0004737	0.9834545809
SERPINB3	0.9636117	-1.83380727	1.83380727	-1.1357214	1.1357214	0.3062266827	0.3062266827	0.92623449899	0.92623449899	1.289863	0.3062266827
SERPINH1	-1.2419647	2.28835681	-2.28835681	1.3614983	-1.3614983	0.2299860555	0.2299860555	0.92623449899	0.92623449899	1.8536775	0.2299860555
SET	-1.730137	-3.18358226	3.18358226	-2.2067648	2.2067648	0.0769394071	0.0769394071	0.92623449899	0.92623449899	4.8698109	0.0769394071
SF1	-3.0577677	0.52832083	-0.52832083	0.9302101	-0.9302101	0.3938451858	0.3938451858	0.93187776157	0.93187776157	0.8652908	0.3938451858
SF3B1	-1.9319531	-2.77995	2.77995	-4.4269551	4.4269551	0.0064126026	0.0064126026	0.37299971593	0.37299971593	19.5979315	0.0064126026
SF3B2	-1.3214589	-1.16898666	1.16898666	-0.6644954	0.6644954	0.5350139891	0.5350139891	0.96685142635	0.96685142635	0.4415541	0.5350139891
SF3B3	-1.8091255	0.2456552	-0.2456552	0.1278835	-0.1278835	0.9030933274	0.9030933274	1	1	0.0163542	0.9030933274
SFPQ	-0.917376	0.08412905	-0.08412905	0.0353094	-0.0353094	0.9731630813	0.9731630813	1	1	0.0012468	0.9731630813
SLC12A2	-2.2837916	-0.52832083	0.52832083	-0.3841985	0.3841985	0.7162099602	0.7162099602	1	1	0.1476085	0.7162099602
SLC12A9	-2.6139402	-1.41597584	1.41597584	-1.0972529	1.0972529	0.3212430579	0.3212430579	0.92623449899	0.92623449899	1.2039639	0.3212430579
SLC16A1	-2.504113	-0.57898853	0.57898853	-0.5124545	0.5124545	0.6295839654	0.6295839654	0.97942924783	0.97942924783	0.2626096	0.6295839654
SLC1A4	-0.2801377	0.1949875	-0.1949875	0.1001438	-0.1001438	0.9240184571	0.9240184571	1	1	0.0100288	0.9240184571
SLC1A5	1.6642724	0.73219354	-0.73219354	1.2229471	-1.2229471	0.2744288476	0.2744288476	0.92623449899	0.92623449899	1.4955996	0.2744288476
SLC25A13	-0.9683931	1.04583451	-1.04583451	0.6547654	-0.6547654	0.5407779541	0.5407779541	0.97001375239	0.97001375239	0.4287177	0.5407779541
SLC25A6	2.6690906	-0.05973427	0.05973427	-0.154216	0.154216	0.8833110872	0.8833110872	1	1	0.0237826	0.8833110872
SLC39A14	-0.7512993	1.69464083	-1.69464083	0.7825142	-0.7825142	0.4684049771	0.4684049771	0.95148881675	0.95148881675	0.6123285	0.4684049771
SLC3A2	5.0438838	-0.1589379	0.1589379	-0.4162835	0.4162835	0.6940117179	0.6940117179	0.98856654381	0.98856654381	0.1732919	0.6940117179
SLC44A1	0.6899555	0.03939113	-0.03939113	0.0202519	-0.0202519	0.9846049987	0.9846049987	1	1	0.0004101	0.9846049987
SLC44A2	3.4655542	0.14657069	-0.14657069	0.2281892	-0.2281892	0.8282981644	0.8282981644	1	1	0.0520703	0.8282981644
SLC7A1	-1.3116433	-2.9639279	2.9639279	-2.9059614	2.9059614	0.0324693141	0.0324693141	0.92623449899	0.92623449899	8.4446118	0.0324693141
SLC7A5	-0.8947486	1.72073255	-1.72073255	0.8357935	-0.8357935	0.440373068	0.440373068	0.93812055503	0.93812055503	0.6985507	0.440373068
SNAP25	-3.3219281	0	0	0	0	1	1	1	1	0	1
SNRNP70	-2.7936073	1.05664167	-1.05664167	1.0706184	-1.0706184	0.3320060324	0.3320060324	0.92623449899	0.92623449899	1.1462239	0.3320060324
SNRPB	-1.3282326	-0.39251273	0.39251273	-0.2630022	0.2630022	0.8027644496	0.8027644496	1	1	0.0691702	0.8027644496
SNRPD1	-2.5294468	0.52832083	-0.52832083	0.4840625	-0.4840625	0.6482583834	0.6482583834	0.97942924783	0.97942924783	0.2343165	0.6482583834
SNRPD3	-1.4818798	1.56681324	-1.56681324	0.9980299	-0.9980299	0.3628921626	0.3628921626	0.93187776157	0.93187776157	0.9960636	0.3628921626
SNRPF	-1.2872224	0.93578497	-0.93578497	0.5026536	-0.5026536	0.6359962274	0.6359962274	0.97942924783	0.97942924783	0.2526607	0.6359962274
SOD1	-2.8540356	-0.93578497	0.93578497	-1.0550351	1.0550351	0.3384439969	0.3384439969	0.92623449899	0.92623449899	1.113099	0.3384439969
SPRR1B	-1.2848459	-1.96088102	1.96088102	-1.0923823	1.0923823	0.3231887034	0.3231887034	0.92623449899	0.92623449899	1.1932991	0.3231887034
SPRR2E	0.9866232	-0.0151423	0.0151423	-0.0055246	0.0055246	0.9958000416	0.9958000416	1	1	3.05e-05	0.9958000416
SPTAN1	0.8760662	2.50739524	-2.50739524	1.8129332	-1.8129332	0.1279745785	0.1279745785	0.92623449899	0.92623449899	3.2867267	0.1279745785
SPTBN1	1.4248086	2.54823848	-2.54823848	1.4738244	-1.4738244	0.1989643385	0.1989643385	0.92623449899	0.92623449899	2.1721583	0.1989643385
SRC	-2.001126	-1.5849625	1.5849625	-1.4521874	1.4521874	0.2046137185	0.2046137185	0.92623449899	0.92623449899	2.1088481	0.2046137185
SRI	-3.3219281	0	0	0	0	1	1	1	1	0	1
SRP14	-1.9627917	-1.66163104	1.66163104	-1.3585765	1.3585765	0.2308505475	0.2308505475	0.92623449899	0.92623449899	1.8457302	0.2308505475
SRP9	-2.3374463	-0.42101147	0.42101147	-0.3245785	0.3245785	0.7582920148	0.7582920148	1	1	0.1053512	0.7582920148
SRSF1	-1.3885318	-2.31884045	2.31884045	-1.3406013	1.3406013	0.2362358775	0.2362358775	0.92623449899	0.92623449899	1.7972119	0.2362358775
SRSF10	-3.3219281	0	0	0	0	1	1	1	1	0	1
SRSF3	-0.9683931	-0.20381157	0.20381157	-0.1227709	0.1227709	0.9069439113	0.9069439113	1	1	0.0150727	0.9069439113
SRSF6	-2.7936073	-1.05664167	1.05664167	-1.0706184	1.0706184	0.3320060324	0.3320060324	0.92623449899	0.92623449899	1.1462239	0.3320060324
SRSF7	-1.0898752	-1.79743914	1.79743914	-0.9579425	0.9579425	0.3809405834	0.3809405834	0.93187776157	0.93187776157	0.9176538	0.3809405834
SRSF9	-3.3219281	0	0	0	0	1	1	1	1	0	1
SSRP1	-3.3219281	0	0	0	0	1	1	1	1	0	1
STMN1	1.2768858	-1.50034123	1.50034123	-0.8514751	0.8514751	0.4323665976	0.4323665976	0.93812055503	0.93812055503	0.7250098	0.4323665976
STOML2	-0.8431489	2.74293956	-2.74293956	2.5183135	-2.5183135	0.0519673821	0.0519673821	0.92623449899	0.92623449899	6.3419027	0.0519673821
STRA6	-2.6139402	-1.41597584	1.41597584	-1.0972529	1.0972529	0.3212430579	0.3212430579	0.92623449899	0.92623449899	1.2039639	0.3212430579
SUPT16H	-2.6552614	-1.33333333	1.33333333	-1.0928411	1.0928411	0.3230049891	0.3230049891	0.92623449899	0.92623449899	1.1943018	0.3230049891
SURF4	-1.7460402	-3.15177574	3.15177574	-3.6768675	3.6768675	0.0136474307	0.0136474307	0.68042189968	0.68042189968	13.5193545	0.0136474307
SYNCRIP	-0.8242878	-1.86165417	1.86165417	-0.8383682	0.8383682	0.4390508649	0.4390508649	0.93812055503	0.93812055503	0.7028613	0.4390508649
TAF15	-1.088004	-2.07787323	2.07787323	-1.1320291	1.1320291	0.3076411392	0.3076411392	0.92623449899	0.92623449899	1.2814899	0.3076411392
TAGLN2	2.5000951	0.24887502	-0.24887502	0.6504046	-0.6504046	0.5433744659	0.5433744659	0.97001375239	0.97001375239	0.4230261	0.5433744659
TARDBP	-1.113471	-1.24698917	1.24698917	-0.8192527	0.8192527	0.4489386229	0.4489386229	0.93812055503	0.93812055503	0.671175	0.4489386229
TBCB	-1.7551149	0	0	0	0	1	1	1	1	0	1
TCP1	0.3441924	0.26192136	-0.26192136	0.1094673	-0.1094673	0.9169767419	0.9169767419	1	1	0.0119831	0.9169767419
TENM4	-1.5189642	-2.05797564	2.05797564	-1.4096444	1.4096444	0.2161688439	0.2161688439	0.92623449899	0.92623449899	1.9870974	0.2161688439
TF	-0.0436537	2.71995711	-2.71995711	1.4717218	-1.4717218	0.1995067214	0.1995067214	0.92623449899	0.92623449899	2.165965	0.1995067214
TFRC	2.7320981	0.75150543	-0.75150543	0.9468743	-0.9468743	0.3860496478	0.3860496478	0.93187776157	0.93187776157	0.896571	0.3860496478
TGM1	-1.3992202	-3.84541574	3.84541574	-2.1584614	2.1584614	0.0818431262	0.0818431262	0.92623449899	0.92623449899	4.6589558	0.0818431262
THOC3	-1.8627802	-1.86165417	1.86165417	-1.5311768	1.5311768	0.1847036933	0.1847036933	0.92623449899	0.92623449899	2.3445023	0.1847036933
THRAP3	-2.6269406	-1.389975	1.389975	-1.0959438	1.0959438	0.3217650037	0.3217650037	0.92623449899	0.92623449899	1.2010928	0.3217650037
THY1	2.8472098	0.44160908	-0.44160908	0.7564782	-0.7564782	0.4825679524	0.4825679524	0.95481205133	0.95481205133	0.5722592	0.4825679524
TIA1	-1.9627917	-0.11367897	0.11367897	-0.079779	0.079779	0.9394256849	0.9394256849	1	1	0.0063647	0.9394256849
TIGAR	-2.0615544	-0.40746414	0.40746414	-0.2506907	0.2506907	0.8117647024	0.8117647024	1	1	0.0628458	0.8117647024
TIPRL	-2.504113	1.6356302	-1.6356302	1.106059	-1.106059	0.3177507118	0.3177507118	0.92623449899	0.92623449899	1.2233665	0.3177507118
TLN1	-0.0670166	2.09025181	-2.09025181	0.9909982	-0.9909982	0.3660065294	0.3660065294	0.93187776157	0.93187776157	0.9820775	0.3660065294
TMED10	-1.6692815	-0.37708151	0.37708151	-0.1795502	0.1795502	0.864368451	0.864368451	1	1	0.0322383	0.864368451
TMED7-TICAM2	-0.9260656	1.69582095	-1.69582095	0.8448545	-0.8448545	0.4357332801	0.4357332801	0.93812055503	0.93812055503	0.7137791	0.4357332801
TMED9	-0.6986313	0.46664354	-0.46664354	0.2764817	-0.2764817	0.792949704	0.792949704	1	1	0.0764421	0.792949704
TMEM205	-2.5294468	-0.52832083	0.52832083	-0.7191279	0.7191279	0.5034141713	0.5034141713	0.9560334062	0.9560334062	0.517145	0.5034141713
TNFRSF10B	-2.7244343	-1.1949875	1.1949875	-1.0834842	1.0834842	0.3267692643	0.3267692643	0.92623449899	0.92623449899	1.173938	0.3267692643
TNPO1	2.3526738	-0.28962173	0.28962173	-0.6704067	0.6704067	0.5315320654	0.5315320654	0.96617026473	0.96617026473	0.4494452	0.5315320654
TOMM70	-2.7936073	-1.05664167	1.05664167	-1.0706184	1.0706184	0.3320060324	0.3320060324	0.92623449899	0.92623449899	1.1462239	0.3320060324
TPBG	-2.7936073	1.05664167	-1.05664167	1.0706184	-1.0706184	0.3320060324	0.3320060324	0.92623449899	0.92623449899	1.1462239	0.3320060324
TPI1	3.7215888	0.08832614	-0.08832614	0.1147522	-0.1147522	0.9129889599	0.9129889599	1	1	0.0131681	0.9129889599
TPM3	5.2615423	-0.06649484	0.06649484	-0.2011244	0.2011244	0.8483170945	0.8483170945	1	1	0.040451	0.8483170945
TPP2	-1.2808047	-1.47765314	1.47765314	-1.1287277	1.1287277	0.308910691	0.308910691	0.92623449899	0.92623449899	1.2740261	0.308910691
TPT1	-1.7886494	-0.67658245	0.67658245	-0.3407873	0.3407873	0.7467496386	0.7467496386	1	1	0.116136	0.7467496386
TRAP1	0.3873601	-1.69526813	1.69526813	-1.1213574	1.1213574	0.3117612701	0.3117612701	0.92623449899	0.92623449899	1.2574423	0.3117612701
TRIM28	-2.7682734	-1.10730936	1.10730936	-1.0758368	1.0758368	0.329873479	0.329873479	0.92623449899	0.92623449899	1.1574248	0.329873479
TTYH3	-1.1209117	-0.74079747	0.74079747	-0.6464466	0.6464466	0.5457382136	0.5457382136	0.97081785523	0.97081785523	0.4178932	0.5457382136
TUBA1B	5.2759411	-0.42426039	0.42426039	-1.2970108	1.2970108	0.2497810095	0.2497810095	0.92623449899	0.92623449899	1.682237	0.2497810095
TUBB	6.0462372	-0.06521171	0.06521171	-0.1646971	0.1646971	0.8754627695	0.8754627695	1	1	0.0271251	0.8754627695
TUFM	2.8248435	0.58109748	-0.58109748	1.2408573	-1.2408573	0.2682751885	0.2682751885	0.92623449899	0.92623449899	1.5397268	0.2682751885
TXN	0.7509547	-0.36414875	0.36414875	-0.1395289	0.1395289	0.8943339841	0.8943339841	1	1	0.0194683	0.8943339841
TXNDC5	-1.2330398	1.0441501	-1.0441501	0.5688006	-0.5688006	0.5934394649	0.5934394649	0.97942924783	0.97942924783	0.3235341	0.5934394649
TXNRD1	-1.6658218	-0.77397603	0.77397603	-0.5232913	0.5232913	0.6225363828	0.6225363828	0.97942924783	0.97942924783	0.2738338	0.6225363828
U2AF1L5	-2.4066192	0.28266564	-0.28266564	0.2355448	-0.2355448	0.822881949	0.822881949	1	1	0.0554814	0.822881949
UBA1	1.9636441	0.56435878	-0.56435878	1.0332986	-1.0332986	0.3475991186	0.3475991186	0.92623449899	0.92623449899	1.0677061	0.3475991186
UBA6	-1.1449766	0.02600084	-0.02600084	0.0175656	-0.0175656	0.9866467656	0.9866467656	1	1	0.0003086	0.9866467656
UBE2N	-0.2377089	-2.16843845	2.16843845	-1.1662503	1.1662503	0.2947468226	0.2947468226	0.92623449899	0.92623449899	1.3601399	0.2947468226
UBQLN4	-0.7072197	-0.62482304	0.62482304	-0.3032679	0.3032679	0.7735752793	0.7735752793	1	1	0.0919714	0.7735752793
UBXN1	-2.5294468	1.5849625	-1.5849625	1.8217966	-1.8217966	0.1265060298	0.1265060298	0.92623449899	0.92623449899	3.318943	0.1265060298
UCHL1	3.3772303	0.44721699	-0.44721699	1.0970271	-1.0970271	0.3213330262	0.3213330262	0.92623449899	0.92623449899	1.2034684	0.3213330262
UQCRC1	0.5104862	-1.82823701	1.82823701	-1.2430415	1.2430415	0.2675332753	0.2675332753	0.92623449899	0.92623449899	1.5451521	0.2675332753
USP5	-1.500385	1.03849241	-1.03849241	0.7528014	-0.7528014	0.48459251	0.48459251	0.95481205133	0.95481205133	0.5667099	0.48459251
VAPA	-2.117125	-0.86165417	0.86165417	-0.5290223	0.5290223	0.6188275676	0.6188275676	0.97942924783	0.97942924783	0.2798645	0.6188275676
VAPB	0.709302	-0.47765314	0.47765314	-0.688453	0.688453	0.5209961456	0.5209961456	0.96460294338	0.96460294338	0.4739676	0.5209961456
VASN	-0.6949423	1.51083169	-1.51083169	0.7771664	-0.7771664	0.4712892382	0.4712892382	0.95148881675	0.95148881675	0.6039876	0.4712892382
VAT1	2.3753088	0.47029606	-0.47029606	0.8198323	-0.8198323	0.4486363691	0.4486363691	0.93812055503	0.93812055503	0.672125	0.4486363691
VDAC1	1.1609832	-1.69908129	1.69908129	-1.0326021	1.0326021	0.3478958945	0.3478958945	0.92623449899	0.92623449899	1.066267	0.3478958945
VDAC2	3.4196098	-0.5204875	0.5204875	-0.9080724	0.9080724	0.4043938787	0.4043938787	0.93723015951	0.93723015951	0.8245954	0.4043938787
VDAC3	0.0958208	0.00354617	-0.00354617	0.0018924	-0.0018924	0.9985612949	0.9985612949	1	1	3.6e-06	0.9985612949
VGF	0.6080568	3.93820773	-3.93820773	2.234669	-2.234669	0.0742493156	0.0742493156	0.92623449899	0.92623449899	4.9937456	0.0742493156
VIM	-0.005749	1.59086317	-1.59086317	0.7199914	-0.7199914	0.5029252183	0.5029252183	0.9560334062	0.9560334062	0.5183877	0.5029252183
WARS1	-1.752286	-0.74930917	0.74930917	-0.4825265	0.4825265	0.6492771822	0.6492771822	0.97942924783	0.97942924783	0.2328318	0.6492771822
WDR47	-2.0615544	-2.52074747	2.52074747	-2.1019368	2.1019368	0.0880034043	0.0880034043	0.92623449899	0.92623449899	4.4181381	0.0880034043
YBX1	1.4241769	0.84739254	-0.84739254	0.9340109	-0.9340109	0.3920562103	0.3920562103	0.93187776157	0.93187776157	0.8723764	0.3920562103
YWHAQ	4.5706629	0.21714055	-0.21714055	0.660379	-0.660379	0.5374474977	0.5374474977	0.96685142635	0.96685142635	0.4361005	0.5374474977
ZFR	-2.5294468	-1.5849625	1.5849625	-1.8217966	1.8217966	0.1265060298	0.1265060298	0.92623449899	0.92623449899	3.318943	0.1265060298
ZNF326	-3.3219281	0	0	0	0	1	1	1	1	0	1
